223.304724535778689
91.828644768394568
91.263355187062899
210.246284152657495
179.976387340117469
198.006313030670810
219.787397272910084
41.442731570204202
192.840607756768918
200.288541858989021
173.919521618477319
222.351073754996747
52.244616947586096
168.976329703304884
146.456478176965589
119.720507850576709
154.977417709806986
59.565090447341724
173.982757766394769
217.688998343967768
200.692550933012967
75.043320822042517
163.604706533766944
98.592596070901791
213.948591956105190
201.785777496829553
177.640085566293294
153.923682388383639
115.264912267350468
140.208772906690825
109.252002269981304
80.582256111379749
98.600202839547947
58.847259919217990
153.440542230533055
71.459778896943135
135.606047062806169
202.975367963701444
169.103518591423750
221.222738433462126
165.870431361349034
32.542280190545959
168.159150806609404
217.206123302267883
46.786750261158339
179.837426583011364
172.849645646151089
131.293564198707003
158.543369460851324
179.688619561729610
194.307745599602896
179.619041306872589
204.816991482640418
172.013080897936362
204.075966247865637
201.908395070635919
163.899359364214718
159.870259898456425
103.535018230548445
162.969322266492838
159.959369841219370
89.629794153506793
43.657759905886145
175.114248420852391
91.005494339627646
131.901478384436615
170.821544308673197
87.607077339676152
107.303308429889526
47.164605373097316
10.295630140987001
102.000000000000000
202.374652563012432
86.709284393310497
164.368488464182207
149.080515158755730
57.406445631131007
154.184953870343662
128.013671144921091
29.453352950046281
197.692943728399172
97.293370791642332
156.818366271301272
124.189371525907958
178.044938147648566
103.443221140875153
129.151074327703526
144.960339403576171
194.848659220431898
193.383039587239921
199.315077201901602
111.357532300244515
214.274356841876909
175.657336880643840
157.787832230498680
146.840049032952862
192.841904159858359
145.926351287216107
20.542638584174139
203.340846855716620
