12643678
12643678
12643678
12643678
12643678
12643678
12643678
12643678
12643678
12643678
12643678
12643678
12643678
12643678
12643678
12643678
12643678
12643678
12643678
12643678
12643678
12643678
12643678
12643678
12643678
12643678
12643678
12643678
12643678
12643678
12643678
12643678
12643678
12643678
12643678
12643678
12643678
12643678
12807882
12972085
12972085
12972085
13136289
13136289
13136289
13136289
13136289
13136289
13136289
13136289
13136289
13136289
13136289
13136289
13136289
13136289
13136289
13136289
13793103
13793103
13793103
13793103
13793103
13793103
13793103
13793103
13793103
13793103
13793103
13793103
13793103
13793103
13793103
13793103
13793103
13793103
13793103
13957307
13957307
13957307
13957307
13957307
13957307
13957307
13957307
13957307
13957307
13957307
13957307
13957307
13957307
13957307
13957307
13957307
13957307
13957307
13957307
13957307
13957307
13957307
13957307
13957307
13957307
13957307
13957307
13957307
13957307
13957307
13957307
13957307
13957307
13957307
13957307
13957307
13957307
13957307
13957307
13957307
14121511
14121511
14121511
14121511
14285714
14449918
14449918
14449918
14449918
14449918
14449918
14449918
14449918
14614122
14614122
14942529
14942529
14942529
14942529
14942529
14942529
14942529
14942529
14942529
14942529
14942529
14942529
14942529
15106732
15106732
15106732
15106732
15106732
15106732
15106732
15106732
15106732
15106732
15106732
15270936
15270936
15599343
15599343
15599343
15599343
15599343
15599343
15599343
15599343
15599343
15599343
15599343
15599343
15599343
15599343
15599343
15599343
15599343
15599343
15599343
15599343
15599343
15599343
15599343
15599343
15599343
15599343
15599343
15599343
15599343
15599343
15599343
15599343
15599343
15599343
15599343
15599343
15599343
15599343
15599343
15927750
16091954
16091954
16091954
16256158
16256158
16256158
16256158
16256158
16256158
16256158
16256158
16256158
16256158
16420361
16420361
16420361
16420361
16420361
16420361
16420361
16420361
16420361
16420361
16420361
16420361
16420361
16420361
16420361
16420361
16420361
16420361
16420361
16420361
16584565
16584565
16584565
16584565
16584565
16748768
16748768
16748768
16748768
16748768
17077176
17077176
17077176
17077176
17077176
17077176
17077176
17077176
17077176
17077176
17077176
17077176
17077176
17077176
17077176
17077176
17077176
17077176
17077176
17077176
17077176
17077176
17077176
17077176
17077176
17077176
17077176
17077176
17077176
17077176
17077176
17077176
17077176
17077176
17569787
17569787
17569787
17569787
17569787
17569787
17569787
17569787
17569787
17569787
17569787
17569787
17569787
17569787
17569787
17569787
17569787
17569787
17569787
17569787
17569787
17569787
17569787
17569787
17569787
17569787
17569787
17569787
17569787
17569787
17569787
17569787
17569787
17569787
17569787
17569787
17569787
17569787
17569787
17569787
17569787
17569787
17569787
17569787
17569787
17569787
17569787
17569787
17569787
17569787
17569787
17569787
17569787
17569787
17569787
17569787
17569787
17569787
17733990
17733990
17733990
17733990
17733990
17733990
17733990
17733990
17733990
17733990
17733990
17733990
17733990
17733990
17733990
17733990
17733990
17733990
17733990
17733990
17733990
17733990
17733990
17733990
17733990
17733990
17733990
17733990
17733990
17733990
17733990
17733990
17733990
17733990
17733990
17733990
17733990
17733990
17733990
17733990
17733990
17733990
17733990
17733990
17898194
17898194
17898194
17898194
17898194
17898194
17898194
17898194
17898194
17898194
17898194
17898194
17898194
17898194
17898194
17898194
17898194
17898194
17898194
17898194
17898194
17898194
17898194
17898194
17898194
17898194
17898194
17898194
17898194
17898194
17898194
17898194
17898194
17898194
17898194
17898194
17898194
17898194
18062397
18062397
18062397
18062397
18062397
18062397
18062397
18226601
18226601
18390805
18390805
18390805
18390805
18555008
18555008
18555008
18555008
18555008
18555008
18555008
18555008
18555008
18555008
18555008
18555008
18555008
18555008
18555008
18555008
18555008
18555008
18555008
18555008
18719212
18719212
18719212
18719212
18719212
18719212
18719212
18719212
18719212
18719212
18719212
18719212
18719212
18719212
18719212
18719212
18719212
18719212
18719212
18719212
18719212
18719212
18719212
18719212
18719212
18719212
18719212
19047619
19047619
19047619
19047619
19047619
19047619
19047619
19047619
19047619
19047619
19047619
19047619
19047619
19047619
19047619
19047619
19047619
19047619
19047619
19047619
19211823
19211823
19211823
19211823
19211823
19211823
19211823
19211823
19211823
19211823
19211823
19211823
19211823
19211823
19211823
19211823
19211823
19211823
19211823
19211823
19211823
19211823
19211823
19211823
19211823
19211823
19211823
19211823
19211823
19211823
19211823
19211823
19211823
19211823
19211823
19211823
19211823
19211823
19211823
19211823
19211823
19211823
19211823
19211823
19211823
19211823
19211823
19211823
19211823
19211823
19211823
19211823
19211823
19211823
19211823
19211823
19211823
19211823
19211823
19211823
19211823
19211823
19211823
19211823
19211823
19211823
19211823
19211823
19211823
19211823
19211823
19211823
19211823
19211823
19211823
19211823
19211823
19211823
19211823
19211823
19540230
19540230
19540230
19540230
19540230
19540230
19540230
19540230
19540230
19540230
19540230
19540230
19540230
19540230
19540230
19540230
19540230
19540230
19540230
19540230
19540230
19704433
19704433
19704433
19704433
19704433
19704433
19704433
19704433
19704433
19704433
19704433
19704433
19704433
19704433
19704433
19704433
19704433
19704433
19704433
19704433
19704433
19704433
19704433
19704433
19704433
19704433
19704433
19868637
19868637
19868637
19868637
19868637
19868637
19868637
19868637
19868637
19868637
19868637
19868637
19868637
19868637
19868637
19868637
19868637
19868637
19868637
19868637
19868637
19868637
19868637
19868637
19868637
19868637
19868637
19868637
19868637
19868637
19868637
19868637
19868637
19868637
19868637
19868637
19868637
19868637
19868637
19868637
19868637
19868637
19868637
19868637
19868637
19868637
19868637
19868637
19868637
19868637
19868637
19868637
19868637
19868637
19868637
19868637
19868637
20032841
20032841
20032841
20032841
20032841
20032841
20032841
20032841
20032841
20032841
20032841
20032841
20032841
20032841
20032841
20032841
20032841
20032841
20032841
20032841
20032841
20032841
20032841
20032841
20032841
20032841
20032841
20032841
20032841
20032841
20032841
20032841
20032841
20032841
20032841
20032841
20032841
20032841
20032841
20032841
20032841
20032841
20032841
20032841
20032841
20032841
20032841
20032841
20032841
20032841
20032841
20032841
20032841
20032841
20032841
20032841
20032841
20032841
20032841
20032841
20032841
20032841
20032841
20032841
20032841
20032841
20032841
20032841
20032841
20032841
20032841
20032841
20032841
20032841
20032841
20032841
20032841
20032841
20032841
20032841
20032841
20032841
20032841
20032841
20032841
20032841
20032841
20032841
20032841
20032841
20032841
20032841
20032841
20032841
20032841
20032841
20032841
20032841
20032841
20032841
20197044
20197044
20197044
20197044
20197044
20197044
20197044
20197044
20197044
20197044
20197044
20197044
20197044
20197044
20197044
20197044
20197044
20197044
20197044
20197044
20197044
20197044
20197044
20197044
20197044
20197044
20197044
20197044
20197044
20197044
20197044
20197044
20197044
20197044
20197044
20197044
20197044
20197044
20197044
20197044
20197044
20525452
20525452
20689655
20689655
20689655
20689655
20689655
20689655
20689655
20689655
20689655
20689655
20689655
20689655
20689655
20689655
20689655
20689655
20689655
20689655
20689655
20689655
20689655
20689655
20689655
20689655
20689655
20689655
20689655
20689655
20689655
20689655
20689655
20689655
20689655
20689655
20689655
20689655
20689655
20689655
20689655
20689655
20689655
20689655
20689655
20689655
20689655
20689655
20689655
20689655
20689655
20689655
20689655
20689655
20689655
20689655
20689655
20689655
20689655
20689655
20689655
20689655
20689655
20689655
20689655
20689655
20689655
20689655
20689655
20689655
20689655
20689655
20689655
20689655
20689655
20689655
20689655
20689655
20689655
20689655
20689655
20689655
20689655
20689655
20689655
20689655
20689655
20689655
20689655
20689655
20689655
20689655
20689655
20689655
20689655
20689655
20689655
20689655
20689655
20689655
20689655
20689655
20689655
20689655
20689655
20689655
20689655
20689655
20689655
20689655
20689655
20689655
20689655
20689655
20689655
20689655
20689655
20689655
20689655
20689655
20689655
20689655
20689655
20689655
20689655
20689655
20689655
20689655
20689655
20689655
20689655
20689655
20689655
20689655
20689655
20689655
20689655
20689655
20689655
20689655
20689655
20689655
20689655
20689655
20689655
20689655
20689655
20689655
20689655
20689655
20689655
20689655
20689655
20689655
20689655
20689655
20689655
20689655
20689655
20689655
20689655
20689655
20689655
20689655
20689655
20689655
20689655
20689655
20689655
20689655
20689655
20689655
20689655
20689655
20689655
20689655
20689655
20689655
20689655
20689655
20689655
20689655
20689655
20689655
20689655
20689655
20689655
20689655
20689655
20689655
20689655
20689655
20689655
20689655
20689655
20689655
20689655
20689655
20689655
20689655
20689655
20689655
20689655
20689655
20689655
20689655
20689655
20689655
20689655
20689655
20689655
20689655
20689655
20689655
20689655
20689655
20689655
20689655
20689655
20689655
20689655
20689655
20689655
20689655
20689655
20689655
20689655
20689655
20689655
21346470
21346470
21346470
21346470
21346470
21346470
21346470
21346470
21346470
21346470
21346470
21346470
21346470
21346470
21346470
21346470
21346470
21346470
21346470
21346470
21346470
21346470
21346470
21346470
21346470
21346470
21346470
21346470
21346470
21346470
21346470
21346470
21346470
21346470
21346470
21346470
21346470
21346470
21346470
21346470
21346470
21346470
21346470
21346470
21346470
21674877
21674877
21674877
21674877
21674877
21674877
21674877
21674877
21674877
21674877
21674877
21674877
21674877
21674877
21674877
21674877
21674877
21674877
21674877
21674877
21674877
21674877
21674877
21674877
21674877
21674877
21674877
21674877
21674877
21674877
21674877
21674877
21674877
21674877
21674877
21674877
21674877
21674877
21674877
21674877
21674877
21674877
21674877
21674877
21674877
21674877
21674877
21674877
21674877
21674877
21674877
21674877
21674877
21674877
21674877
21674877
21674877
21674877
21674877
21674877
21674877
21674877
21674877
21674877
21674877
21674877
21674877
21674877
21674877
21674877
21674877
21674877
21674877
21674877
21674877
21674877
21674877
21674877
21674877
21674877
21674877
21674877
21674877
21674877
21674877
21674877
21674877
21674877
21674877
21674877
21674877
21674877
21674877
21674877
21674877
21674877
21674877
21674877
21674877
21674877
21674877
21674877
21674877
21839080
21839080
21839080
21839080
21839080
21839080
21839080
21839080
21839080
21839080
21839080
21839080
21839080
21839080
21839080
21839080
21839080
21839080
21839080
21839080
21839080
21839080
21839080
21839080
21839080
21839080
21839080
21839080
21839080
21839080
21839080
21839080
21839080
21839080
21839080
21839080
21839080
21839080
21839080
21839080
21839080
21839080
21839080
21839080
21839080
21839080
21839080
21839080
21839080
21839080
21839080
21839080
21839080
21839080
21839080
21839080
21839080
21839080
21839080
21839080
21839080
21839080
21839080
21839080
21839080
21839080
21839080
21839080
21839080
21839080
21839080
21839080
21839080
21839080
22003284
22003284
22003284
22003284
22003284
22003284
22003284
22003284
22003284
22003284
22003284
22003284
22003284
22003284
22003284
22003284
22003284
22003284
22003284
22003284
22003284
22003284
22003284
22003284
22003284
22003284
22003284
22003284
22003284
22003284
22003284
22003284
22003284
22003284
22003284
22003284
22003284
22003284
22003284
22003284
22003284
22003284
22003284
22003284
22003284
22003284
22003284
22003284
22003284
22003284
22003284
22331691
22331691
22331691
22331691
22331691
22331691
22331691
22331691
22331691
22331691
22331691
22331691
22331691
22331691
22331691
22331691
22331691
22331691
22331691
22331691
22331691
22331691
22331691
22331691
22331691
22331691
22331691
22331691
22331691
22331691
22331691
22331691
22331691
22331691
22331691
22331691
22331691
22331691
22331691
22331691
22331691
22331691
22331691
22331691
22331691
22331691
22331691
22331691
22331691
22331691
22331691
22331691
22331691
22331691
22331691
22331691
22331691
22331691
22331691
22331691
22331691
22331691
22331691
22331691
22331691
22331691
22331691
22331691
22331691
22331691
22331691
22331691
22331691
22331691
22331691
22331691
22331691
22331691
22331691
22331691
22331691
22331691
22331691
22331691
22331691
22331691
22331691
22331691
22331691
22331691
22331691
22331691
22331691
22331691
22331691
22331691
22331691
22331691
22331691
22331691
22331691
22331691
22331691
22331691
22331691
22331691
22331691
22331691
22331691
22331691
22331691
22331691
22331691
22331691
22331691
22331691
22331691
22331691
22331691
22331691
22331691
22331691
22331691
22331691
22331691
22331691
22331691
22331691
22331691
22331691
22331691
22331691
22331691
22331691
22331691
22331691
22331691
22331691
22331691
22331691
22331691
22331691
22331691
22331691
22331691
22331691
22331691
22331691
22331691
22331691
22331691
22331691
22331691
22331691
22331691
22331691
22331691
22331691
22331691
22331691
22331691
22331691
22331691
22331691
22331691
22331691
22331691
22331691
22331691
22331691
22331691
22331691
22331691
22331691
22331691
22331691
22331691
22660099
22660099
22660099
22660099
22660099
22660099
22660099
22660099
22660099
22660099
22660099
22660099
22660099
22660099
22660099
22660099
22660099
22660099
22660099
22660099
22660099
22660099
22660099
22660099
22660099
22660099
22660099
22660099
22660099
22660099
22660099
22660099
22660099
22660099
22660099
22660099
22660099
22660099
22660099
22660099
22660099
22660099
22660099
22660099
22660099
22660099
22660099
22660099
22660099
22660099
22660099
22660099
22660099
22660099
22660099
22660099
22660099
22660099
22660099
22660099
22660099
22660099
22660099
22660099
22660099
22660099
22660099
22660099
22660099
22660099
22660099
22660099
22660099
22660099
22660099
22660099
22660099
22660099
22660099
22660099
22660099
22660099
22660099
22660099
22660099
22660099
22660099
22660099
22660099
22660099
22660099
22660099
22660099
22660099
22660099
22660099
22660099
22660099
22660099
22660099
22660099
22660099
22660099
22660099
22660099
22660099
22660099
22660099
22660099
22660099
22660099
22660099
22660099
22660099
22660099
22660099
22660099
22660099
22660099
22660099
22660099
22660099
22660099
22660099
22660099
22660099
22660099
22660099
22660099
22660099
22660099
22660099
22660099
22660099
22660099
22660099
22660099
22660099
22660099
22660099
22660099
22660099
22660099
22660099
22660099
22660099
22660099
22660099
22660099
22660099
22660099
22660099
22660099
22660099
22660099
22660099
22660099
22660099
22660099
22660099
22660099
22660099
22660099
22660099
22660099
22660099
22660099
22660099
22660099
22660099
22660099
22660099
22660099
22660099
22660099
22660099
22660099
22660099
22660099
22660099
22660099
22660099
22660099
22660099
22660099
22660099
22660099
22660099
22660099
22660099
22660099
22660099
22660099
22660099
22660099
22660099
22660099
22660099
22660099
22660099
22660099
22660099
22660099
22660099
22660099
22660099
22660099
22660099
22660099
22660099
22660099
22660099
22660099
22660099
22660099
22660099
22660099
22660099
22660099
22660099
22660099
22660099
22660099
22660099
22660099
22660099
22660099
22660099
22660099
22660099
22660099
22660099
22660099
22660099
22660099
22660099
22660099
22660099
22660099
22660099
22660099
22660099
22660099
22660099
22660099
22660099
22660099
22660099
22660099
22660099
22660099
22660099
22660099
22660099
22660099
22660099
22660099
22660099
22660099
22660099
22660099
22660099
22660099
22660099
22660099
22660099
22660099
22660099
22660099
22660099
22660099
22660099
22660099
22660099
22660099
22660099
22660099
22660099
22660099
22660099
22660099
22660099
22660099
22660099
22660099
22660099
22660099
22660099
22660099
22660099
22660099
22660099
22660099
22660099
22660099
22660099
22660099
22660099
22660099
22660099
22660099
22660099
22660099
22660099
22660099
22660099
22660099
22660099
22660099
22660099
22660099
22660099
22660099
22660099
22660099
22660099
22660099
22660099
22660099
22660099
22660099
22660099
22660099
22660099
22660099
22660099
22660099
22660099
22660099
22660099
22660099
22660099
22660099
22660099
22660099
22660099
22660099
22660099
22660099
22660099
22660099
22660099
22660099
22660099
22660099
22660099
22660099
22660099
22660099
22660099
22660099
22660099
22660099
22660099
22660099
22660099
22660099
22660099
22660099
22660099
22660099
22660099
22660099
22660099
22660099
22660099
22660099
22660099
22660099
22660099
22660099
22660099
22660099
22660099
22660099
22660099
22660099
22660099
22660099
22660099
22660099
22660099
22660099
22660099
22660099
22660099
22660099
22660099
22660099
22660099
22660099
22660099
22660099
22660099
22660099
22660099
22660099
22660099
22660099
22660099
22660099
22660099
22660099
22660099
22660099
22660099
22660099
22660099
22660099
22660099
22660099
22660099
22660099
22660099
22660099
22660099
22660099
22660099
22660099
22660099
22988506
22988506
22988506
22988506
22988506
22988506
22988506
22988506
22988506
22988506
22988506
22988506
22988506
22988506
22988506
22988506
22988506
22988506
22988506
22988506
22988506
22988506
22988506
22988506
22988506
22988506
22988506
22988506
22988506
22988506
22988506
22988506
22988506
22988506
22988506
22988506
22988506
22988506
22988506
22988506
22988506
22988506
22988506
22988506
22988506
22988506
22988506
22988506
22988506
22988506
22988506
22988506
22988506
22988506
22988506
22988506
22988506
22988506
22988506
22988506
22988506
22988506
22988506
22988506
22988506
22988506
22988506
22988506
22988506
22988506
22988506
22988506
22988506
22988506
22988506
22988506
22988506
22988506
22988506
22988506
22988506
22988506
22988506
22988506
22988506
22988506
22988506
22988506
22988506
22988506
22988506
22988506
22988506
22988506
22988506
22988506
22988506
22988506
22988506
22988506
22988506
22988506
22988506
22988506
22988506
22988506
22988506
22988506
22988506
22988506
22988506
22988506
22988506
22988506
22988506
22988506
22988506
22988506
22988506
22988506
22988506
22988506
22988506
22988506
22988506
22988506
22988506
22988506
22988506
22988506
22988506
22988506
22988506
22988506
22988506
22988506
22988506
22988506
22988506
22988506
22988506
22988506
22988506
22988506
22988506
22988506
22988506
22988506
23316913
23316913
23316913
23316913
23316913
23316913
23316913
23316913
23316913
23316913
23316913
23316913
23316913
23316913
23316913
23316913
23316913
23316913
23316913
23316913
23316913
23316913
23316913
23316913
23316913
23316913
23316913
23316913
23316913
23316913
23316913
23316913
23316913
23316913
23316913
23316913
23316913
23316913
23316913
23316913
23316913
23316913
23316913
23316913
23316913
23316913
23316913
23316913
23316913
23316913
23316913
23316913
23316913
23316913
23316913
23316913
23316913
23316913
23316913
23316913
23316913
23316913
23316913
23316913
23316913
23316913
23316913
23316913
23316913
23316913
23316913
23316913
23316913
23316913
23316913
23316913
23316913
23316913
23316913
23316913
23316913
23316913
23316913
23316913
23316913
23316913
23316913
23316913
23316913
23316913
23316913
23316913
23316913
23316913
23316913
23316913
23316913
23316913
23316913
23316913
23316913
23316913
23316913
23316913
23316913
23316913
23316913
23316913
23316913
23316913
23316913
23316913
23316913
23316913
23316913
23316913
23316913
23316913
23316913
23316913
23316913
23316913
23316913
23316913
23316913
