12643678 12643678 12643678 12643678 12643678 
12643678 12643678 12643678 12643678 12643678 
12643678 12643678 12643678 12643678 12643678 
12643678 12643678 12643678 12643678 12643678 
12643678 12643678 12643678 12643678 12643678 
12643678 12643678 12643678 12643678 12643678 
12643678 12643678 12643678 12643678 12643678 
12643678 12643678 12643678 12643678 12643678 
12643678 12643678 12643678 12643678 12643678 
12643678 12643678 12643678 12643678 12643678 
12643678 12643678 12643678 12643678 12643678 
12643678 12643678 12643678 12643678 12643678 
12643678 12643678 12643678 12643678 12643678 
12643678 12643678 12643678 12643678 12643678 
12643678 12643678 12643678 12643678 12643678 
12643678 12643678 12643678 12643678 12643678 
12643678 12643678 12643678 12643678 12643678 
12643678 12643678 12643678 12643678 12643678 
9688013 12643678 12643678 12643678 12643678 
12151067 12643678 12643678 12643678 12643678 
12807882 12643678 12643678 12643678 12643678 
12807882 12643678 12643678 12643678 12643678 
12807882 12643678 12643678 12643678 12643678 
12807882 12643678 12643678 12643678 12643678 
12807882 12315271 12643678 12643678 12643678 
12807882 12315271 12643678 12643678 12643678 
12807882 12315271 12643678 12643678 12643678 
12807882 12972085 12643678 12643678 12643678 
12807882 12972085 12643678 12643678 12643678 
12807882 12972085 12643678 12643678 12643678 
12807882 12972085 12643678 12643678 12643678 
12807882 12972085 12972085 12643678 12643678 
12807882 12972085 12972085 12807882 12643678 
12807882 12972085 12972085 12807882 11822660 
12807882 12972085 12972085 12807882 11986864 
12807882 12972085 12972085 12807882 11986864 
12807882 12972085 12972085 12807882 12479475 
12807882 12972085 12972085 12807882 12479475 
12807882 12972085 12972085 12807882 12479475 
12807882 12972085 12972085 12807882 12479475 
12807882 12972085 12972085 12807882 12479475 
12807882 12972085 12972085 12807882 13136289 
12807882 12972085 12972085 12807882 13136289 
12807882 12972085 12972085 12807882 13136289 
12807882 12972085 12972085 12807882 13136289 
12807882 12972085 12972085 12807882 13136289 
12807882 12972085 12972085 12807882 13136289 
12807882 12972085 12972085 12807882 13136289 
12807882 12972085 12972085 12807882 13136289 
12807882 12972085 12972085 12807882 13136289 
12807882 12972085 12972085 12807882 13136289 
12807882 12972085 12972085 12807882 13136289 
12807882 12972085 12972085 12807882 13136289 
12807882 12972085 12972085 12807882 13136289 
12807882 12972085 12972085 12807882 13136289 
12807882 12972085 12972085 12807882 13136289 
12807882 12972085 12972085 12807882 13136289 
12643678 12972085 12972085 12807882 13136289 
12643678 12972085 12972085 12807882 13136289 
13793103 12972085 12972085 12807882 13136289 
13793103 12972085 12972085 13300493 13136289 
13793103 12972085 12972085 13300493 13136289 
13793103 12479475 12972085 13300493 13136289 
13793103 12479475 12972085 13300493 13136289 
13793103 12479475 12972085 13300493 13136289 
13793103 13628900 12972085 13300493 13136289 
13793103 13628900 12972085 13300493 13136289 
13793103 13628900 12972085 13300493 13136289 
13793103 13628900 12972085 13300493 13136289 
13793103 13628900 12807882 13300493 13136289 
13793103 13628900 13300493 13300493 13136289 
13793103 13628900 13300493 13300493 13136289 
13793103 13628900 13300493 13300493 13136289 
13793103 13628900 13300493 13300493 13136289 
13793103 13628900 13300493 13300493 13136289 
13793103 13628900 13300493 13300493 14449918 
13793103 13628900 13300493 13300493 14449918 
13793103 13628900 13300493 13300493 14449918 
13793103 13628900 13300493 13300493 14449918 
13793103 13628900 14942529 13300493 14449918 
13793103 13628900 14942529 13300493 14449918 
13793103 13628900 14942529 11822660 14449918 
13793103 13628900 14942529 14449918 14449918 
13793103 13957307 14942529 14449918 14449918 
13957307 13957307 14942529 14449918 14449918 
13957307 13957307 14942529 14449918 14449918 
13957307 13957307 14942529 14449918 14449918 
13957307 13957307 14942529 14449918 14449918 
13957307 13957307 14942529 14449918 14449918 
14285714 13957307 14942529 14449918 14449918 
14285714 14121511 14942529 14449918 14449918 
14285714 14121511 14942529 14449918 14449918 
14285714 14121511 14942529 14449918 14449918 
14285714 14121511 14942529 14449918 14449918 
14285714 14449918 14942529 14449918 14449918 
14285714 14449918 14942529 14449918 14449918 
14285714 14449918 14942529 14449918 14449918 
14614122 14449918 14942529 14449918 14449918 
14614122 14449918 14942529 14449918 14449918 
14614122 14614122 14942529 14449918 14449918 
14614122 14614122 14942529 12315271 14449918 
14614122 14614122 14942529 12315271 14449918 
14614122 14614122 14942529 12972085 14449918 
14614122 14614122 14942529 13136289 14449918 
14614122 14614122 14942529 14449918 14449918 
14614122 14614122 14942529 14449918 14449918 
14614122 14614122 14942529 14449918 14449918 
14614122 14614122 14942529 15106732 14449918 
14614122 14614122 14942529 15106732 14449918 
14614122 14614122 14942529 15106732 14285714 
14614122 14614122 14942529 15106732 14285714 
14614122 14614122 14942529 15106732 14285714 
14614122 14614122 14942529 15106732 14285714 
14614122 14614122 14942529 15106732 14285714 
14614122 14614122 14942529 15106732 14285714 
14614122 14614122 14942529 15106732 14285714 
14614122 14614122 14942529 15106732 14285714 
14614122 14614122 14942529 15106732 15270936 
14614122 14614122 14942529 15106732 15270936 
14942529 14614122 14942529 15106732 15270936 
14942529 14614122 14942529 15106732 15270936 
14942529 14614122 14942529 15106732 15270936 
14942529 14942529 14942529 15106732 15270936 
15106732 14942529 14942529 15106732 15270936 
15106732 15106732 14942529 15106732 15270936 
15106732 15106732 14942529 15106732 15270936 
15106732 15106732 14942529 15106732 15270936 
15106732 15106732 14942529 15106732 15270936 
15106732 15106732 14942529 15106732 15270936 
15106732 15106732 14778325 15106732 15270936 
15106732 15106732 14778325 15106732 15270936 
15106732 15106732 14778325 15106732 15270936 
15106732 15106732 14778325 15106732 15270936 
15106732 15106732 14778325 15106732 15270936 
15106732 15106732 14942529 15106732 15270936 
15106732 15106732 14942529 15106732 15270936 
15106732 15106732 14942529 15106732 15270936 
15106732 15106732 14942529 15106732 15270936 
15106732 15106732 14942529 15106732 15270936 
15106732 15106732 14942529 15106732 15270936 
15106732 15106732 14942529 15106732 15270936 
15106732 15106732 14614122 15106732 15270936 
15106732 15106732 13464696 15106732 15270936 
15106732 15106732 13464696 15106732 15270936 
15106732 15106732 13464696 15106732 15270936 
15106732 15106732 13793103 15106732 15270936 
15106732 15106732 15106732 15106732 15270936 
15106732 15106732 15106732 15106732 15270936 
15106732 15106732 15106732 15106732 15270936 
15106732 15106732 15106732 15106732 15270936 
15270936 15106732 15106732 15106732 15270936 
15270936 15270936 15106732 15106732 15270936 
15270936 15270936 15106732 15106732 15270936 
15270936 15270936 15106732 15106732 15270936 
15270936 15270936 15106732 15106732 15270936 
15270936 15270936 15763547 15106732 15270936 
15270936 15270936 15763547 15106732 15270936 
15270936 15270936 15763547 15270936 15270936 
15270936 15270936 15763547 15270936 15270936 
15270936 15270936 15763547 15270936 15270936 
15270936 15270936 15763547 15270936 15270936 
15270936 15270936 15763547 15270936 15270936 
15270936 15270936 15763547 15270936 15270936 
15270936 15270936 15763547 15270936 15270936 
15270936 15270936 15763547 15270936 15270936 
12151067 15270936 15763547 15270936 15270936 
15599343 15270936 15763547 15270936 15270936 
15599343 15435140 15763547 15270936 15270936 
15599343 15435140 15763547 14778325 15270936 
15599343 15435140 15763547 12479475 15270936 
15599343 15435140 15763547 15435140 15270936 
15599343 15435140 15763547 15435140 15270936 
15599343 15435140 15763547 15435140 15270936 
15599343 15435140 15763547 15435140 15270936 
15599343 15435140 15763547 15435140 15270936 
15599343 15435140 15763547 15435140 15270936 
15599343 15435140 15763547 15435140 15435140 
15599343 15435140 15763547 15435140 15435140 
15599343 15435140 15763547 15435140 15435140 
15599343 15435140 15763547 15435140 15435140 
15599343 15435140 15763547 15435140 15435140 
15599343 15763547 15763547 15435140 15435140 
15599343 15763547 15763547 15435140 15435140 
15599343 15763547 15763547 15435140 15435140 
15599343 15763547 15763547 15435140 15435140 
15599343 15763547 15763547 14449918 15435140 
15599343 15763547 15763547 14449918 15435140 
15599343 15763547 15763547 14449918 15435140 
15599343 15763547 15763547 13136289 15435140 
15599343 15763547 15763547 13136289 15435140 
15599343 15763547 15763547 15435140 15435140 
15599343 15763547 15763547 15435140 15435140 
15599343 15763547 15763547 15435140 15435140 
15599343 15763547 15763547 15435140 15435140 
15599343 15763547 15763547 13628900 15435140 
15599343 15763547 15763547 13628900 15435140 
15599343 15763547 15763547 14449918 15435140 
15599343 15763547 15763547 14449918 15435140 
15599343 15763547 15763547 14449918 15435140 
15599343 15763547 15763547 14449918 15435140 
15599343 15763547 15763547 15270936 15435140 
15599343 15763547 15763547 15270936 15435140 
15599343 15763547 15763547 15599343 15435140 
15599343 15763547 15763547 15599343 15435140 
15599343 15763547 15763547 15599343 13464696 
15599343 15763547 15763547 15599343 13464696 
15599343 15763547 15763547 15599343 15435140 
15599343 15763547 15763547 15599343 15435140 
15599343 15763547 15763547 15599343 15435140 
15599343 15763547 15763547 15599343 15435140 
15599343 15763547 15763547 15599343 15435140 
15599343 15763547 15763547 15599343 15435140 
15599343 15763547 15763547 15599343 15435140 
15599343 15763547 15763547 15599343 15435140 
15599343 15763547 15763547 15599343 15763547 
15599343 15763547 15763547 15599343 15763547 
15599343 15763547 15763547 15599343 15763547 
15599343 15763547 15763547 15599343 15763547 
15599343 15763547 15763547 15599343 15763547 
15599343 15763547 15763547 15599343 15763547 
15599343 15763547 15763547 15599343 15763547 
15270936 15763547 15763547 15599343 15763547 
15106732 15763547 15763547 15599343 15763547 
15106732 15763547 15763547 15599343 15763547 
15106732 15763547 15763547 15599343 15763547 
11658456 15763547 15763547 15599343 15763547 
15599343 15763547 15763547 15599343 15763547 
15599343 15763547 15763547 15599343 15763547 
15599343 15763547 15763547 15599343 15763547 
12807882 15763547 15763547 15599343 15763547 
12807882 15763547 15763547 15599343 15763547 
13793103 15763547 15763547 15599343 15763547 
13793103 15763547 15763547 15599343 15763547 
15435140 15763547 15763547 15599343 15763547 
12643678 15763547 15763547 15599343 15763547 
12643678 15763547 15763547 15599343 15763547 
13136289 15763547 15763547 15599343 15763547 
14285714 15763547 15763547 15599343 15763547 
14285714 15763547 15763547 15599343 15763547 
15599343 15763547 15763547 15599343 15763547 
15599343 15763547 15763547 15599343 15763547 
15599343 15763547 15763547 15599343 15763547 
15599343 15763547 15763547 15599343 15763547 
15599343 15763547 15763547 15599343 15763547 
15599343 15763547 15763547 15599343 15763547 
15435140 15763547 15763547 15599343 15763547 
13136289 15763547 15763547 15599343 15763547 
13136289 15763547 15763547 15599343 15763547 
14942529 15763547 15763547 15599343 15763547 
15927750 15763547 15763547 15599343 15763547 
15927750 15763547 15763547 13628900 15763547 
15927750 15763547 15763547 13628900 15763547 
15927750 15763547 15763547 15270936 15763547 
15927750 15763547 15763547 15270936 15763547 
15927750 15763547 15763547 15270936 15763547 
15927750 15763547 15763547 15763547 15763547 
15927750 15763547 15763547 15763547 15763547 
15927750 15763547 15763547 15763547 15763547 
15927750 15763547 15763547 15763547 15763547 
15927750 15763547 15763547 15763547 15763547 
15927750 15763547 15763547 15763547 15763547 
15927750 15763547 15763547 15763547 15763547 
15927750 15763547 15763547 15763547 15763547 
15927750 16748768 15763547 15763547 15763547 
15927750 16748768 15763547 15763547 15763547 
15927750 16748768 15435140 15763547 15763547 
15927750 16748768 14778325 15763547 15763547 
15927750 16748768 14778325 15763547 15763547 
15927750 16748768 14778325 15763547 15763547 
15927750 16748768 14778325 15763547 15763547 
15927750 16748768 15599343 15763547 15763547 
15927750 16748768 14449918 15763547 15763547 
15927750 16748768 14449918 15763547 15763547 
15927750 16748768 15927750 15763547 15763547 
15927750 16748768 15927750 15763547 15763547 
15927750 16748768 15927750 15927750 15763547 
15927750 16748768 15927750 15927750 14942529 
15927750 16748768 15927750 15927750 14942529 
15927750 16748768 15927750 15927750 15270936 
15927750 16748768 15927750 15927750 15270936 
15927750 16748768 15927750 15927750 15270936 
15927750 16748768 15927750 15927750 16584565 
15927750 16748768 15927750 15927750 16584565 
15927750 16748768 15927750 15927750 16584565 
16091954 16748768 15927750 15927750 16584565 
16091954 16748768 15927750 15927750 16584565 
16091954 16748768 15763547 15927750 16584565 
16091954 16748768 15763547 15927750 16584565 
16091954 16748768 14449918 15927750 16584565 
16091954 16748768 13628900 15927750 16584565 
16091954 16748768 13628900 15927750 16584565 
16091954 16748768 14121511 15927750 16584565 
16091954 16748768 14121511 15927750 16584565 
16091954 16748768 14614122 15927750 16584565 
16091954 16748768 16256158 15927750 16584565 
16091954 16748768 16256158 15599343 16584565 
16091954 16748768 16256158 16256158 16584565 
16091954 16748768 16256158 16256158 16584565 
16091954 16748768 16256158 16256158 16584565 
16091954 16748768 16256158 16256158 16584565 
16091954 16748768 16256158 16256158 16584565 
16420361 16748768 16256158 16256158 16584565 
16420361 16748768 16584565 16256158 16584565 
16420361 16748768 16584565 16091954 16584565 
16420361 16748768 16584565 16091954 16584565 
16420361 16748768 16584565 16091954 16584565 
16420361 16748768 16584565 16584565 16584565 
16584565 16748768 16584565 16584565 16584565 
16748768 16748768 16584565 16584565 16584565 
16748768 16748768 16584565 16584565 16584565 
16748768 16748768 16584565 16584565 16584565 
16748768 16748768 15763547 16584565 16584565 
16748768 16748768 13464696 16584565 16584565 
16748768 16748768 15599343 16584565 16584565 
16748768 16748768 15599343 16584565 16584565 
16748768 16748768 15599343 16584565 16584565 
16748768 16748768 15763547 16584565 16584565 
16748768 16748768 15763547 16584565 16584565 
16748768 16748768 16912972 16584565 16584565 
16748768 16748768 16912972 16584565 16584565 
16748768 16748768 16912972 16912972 16584565 
16748768 16748768 16912972 16912972 16584565 
16748768 16748768 16912972 16912972 16584565 
16748768 16748768 16912972 16912972 16584565 
16748768 16748768 16912972 16912972 16584565 
16748768 16748768 16912972 16912972 16584565 
16748768 16748768 16912972 16912972 16584565 
16748768 16748768 16912972 16912972 12972085 
16748768 16748768 16912972 16912972 15599343 
16748768 16748768 16912972 16912972 15599343 
16748768 16748768 16912972 16912972 17077176 
16256158 16748768 16912972 16912972 17077176 
16256158 16748768 16912972 16912972 17077176 
16256158 16748768 16912972 16912972 17077176 
16256158 16748768 16912972 16912972 17077176 
16256158 16748768 16912972 16912972 17077176 
16420361 16748768 16912972 16912972 17077176 
16420361 16748768 16912972 16912972 17077176 
16420361 16748768 16912972 16912972 17077176 
17405583 16748768 16912972 16912972 17077176 
17405583 16748768 16912972 16912972 17077176 
17405583 16748768 16912972 16912972 17077176 
17405583 16748768 16912972 16912972 17077176 
17405583 16912972 16912972 16912972 17077176 
17405583 16912972 16912972 16912972 17077176 
17405583 16912972 16912972 16912972 17077176 
17405583 16912972 16912972 16912972 17077176 
17405583 16912972 16912972 16912972 17077176 
17405583 16912972 16912972 16912972 17077176 
17405583 16912972 16912972 16912972 17077176 
17405583 16912972 16912972 16912972 17077176 
17405583 16912972 16912972 16912972 17077176 
17405583 16912972 16912972 16912972 17077176 
17405583 16912972 16912972 16912972 17077176 
17405583 16912972 16912972 16912972 17077176 
17405583 16912972 16912972 16912972 17077176 
17405583 16912972 16912972 16912972 17077176 
17405583 14778325 16912972 16912972 17077176 
17405583 14778325 16912972 16912972 17077176 
17405583 15435140 16912972 16912972 17077176 
17405583 15435140 16912972 16912972 17077176 
17405583 15435140 16912972 16912972 17077176 
17405583 15435140 16912972 16912972 17077176 
17405583 15435140 16912972 16912972 17077176 
17405583 16584565 16912972 16912972 17077176 
17405583 16584565 16912972 16912972 17077176 
17405583 16584565 16912972 16912972 17077176 
17405583 16584565 16912972 16912972 17077176 
17405583 16748768 16912972 16912972 17077176 
17405583 16748768 16912972 16912972 17077176 
17405583 16748768 16912972 16912972 17077176 
17405583 16748768 16912972 16912972 17077176 
17405583 16748768 16912972 16912972 17077176 
17405583 16748768 16912972 16912972 17077176 
17405583 16912972 16912972 16912972 17077176 
17405583 17241379 16912972 16912972 17077176 
17405583 17241379 16912972 16912972 17077176 
17405583 17241379 16912972 16912972 17077176 
17405583 17241379 16912972 16912972 17077176 
17405583 17241379 16912972 16912972 17077176 
17405583 17241379 16912972 16912972 17077176 
17405583 17241379 17077176 16912972 17077176 
17405583 17241379 17077176 16912972 17077176 
17405583 17241379 17077176 16912972 17077176 
17405583 17241379 17077176 16912972 17077176 
17405583 17241379 17077176 16912972 17077176 
17405583 17241379 17077176 16912972 17077176 
17405583 17241379 17077176 16912972 17077176 
17405583 17241379 17077176 11658456 17077176 
17405583 17241379 17077176 11822660 17077176 
17405583 17241379 17077176 17405583 17077176 
17405583 17241379 17405583 17405583 17077176 
17405583 17241379 17405583 17405583 17077176 
17405583 17241379 17405583 17405583 17241379 
17405583 16584565 17405583 17405583 17241379 
17405583 16584565 17405583 17405583 17241379 
17405583 16584565 17405583 17405583 17241379 
17405583 16584565 17405583 17405583 17241379 
17405583 16584565 17405583 17405583 17241379 
17405583 17241379 17405583 17405583 17241379 
17405583 17241379 17405583 17405583 17241379 
17405583 17241379 17405583 17405583 17241379 
17405583 17241379 17405583 17405583 17241379 
17405583 16912972 17405583 17405583 17241379 
17405583 17241379 17405583 17405583 17241379 
17405583 17241379 17405583 17405583 17241379 
17405583 17241379 17405583 17405583 17241379 
17405583 17241379 17405583 17405583 17241379 
17405583 17241379 17405583 17405583 17241379 
17405583 16091954 17405583 17405583 17241379 
17405583 16748768 17405583 17405583 17241379 
17405583 16748768 17405583 17405583 17241379 
17405583 16748768 17405583 17405583 17241379 
17405583 16748768 17405583 17405583 17241379 
17405583 16748768 17405583 17405583 17241379 
17405583 16748768 17405583 17405583 17241379 
17405583 16748768 17405583 17405583 17241379 
17405583 16748768 17405583 17405583 17241379 
17405583 17733990 17405583 17405583 17241379 
17405583 17733990 17405583 17405583 17241379 
17405583 17733990 17405583 17405583 17241379 
17405583 17733990 17405583 17405583 15106732 
17405583 17733990 17405583 17405583 15106732 
17405583 17733990 17405583 17405583 16912972 
17405583 17733990 17405583 17405583 16912972 
17405583 17733990 17405583 17405583 17405583 
17733990 17733990 17405583 17405583 17405583 
17733990 17733990 17405583 17405583 17405583 
17733990 17733990 17405583 17405583 17405583 
17733990 17733990 17405583 17405583 17405583 
17733990 17733990 17405583 17405583 17405583 
17733990 17733990 17241379 17405583 17405583 
17733990 17733990 16912972 17405583 17405583 
17733990 17733990 16912972 17405583 17405583 
17733990 17733990 16912972 17405583 17405583 
17733990 17733990 17733990 17405583 17405583 
17733990 17733990 17733990 17405583 17405583 
17733990 17733990 17733990 17405583 17405583 
17733990 17733990 17733990 17405583 17405583 
17733990 17733990 17733990 17405583 17405583 
17733990 17733990 17733990 14778325 17405583 
17733990 17733990 17733990 15270936 17405583 
17733990 17733990 17733990 15270936 17405583 
17733990 17733990 17733990 15270936 17405583 
17733990 17733990 17733990 17405583 17405583 
17733990 17733990 17733990 17569787 17405583 
17733990 17733990 17733990 17569787 17405583 
17733990 17733990 17733990 17569787 17405583 
17733990 17733990 17733990 17569787 13793103 
17733990 17733990 17733990 17569787 13793103 
17733990 17733990 17733990 17569787 17077176 
17733990 17733990 17733990 17569787 17405583 
17733990 17733990 17733990 17569787 17405583 
17733990 17733990 17733990 17569787 17405583 
17733990 17733990 17733990 17569787 17405583 
17733990 17733990 17733990 17569787 11658456 
17733990 17733990 17733990 17569787 17569787 
17733990 17733990 17733990 17569787 17569787 
17733990 17733990 17733990 17569787 17569787 
17733990 17733990 17733990 17569787 17569787 
17733990 17733990 17733990 17569787 17569787 
17733990 17733990 17733990 17569787 17569787 
17733990 17733990 17733990 17569787 17569787 
17733990 17733990 17733990 17569787 17569787 
17733990 17733990 17733990 17569787 17569787 
17733990 17733990 17733990 17733990 17569787 
17733990 17733990 17733990 17733990 17569787 
17733990 17733990 17733990 17733990 17569787 
17733990 17733990 17733990 17733990 17569787 
17733990 17733990 17733990 17733990 17569787 
17733990 17733990 17733990 17733990 17569787 
17733990 17733990 17733990 17733990 17569787 
17733990 17733990 17733990 17733990 17569787 
17733990 17733990 17733990 17733990 17241379 
17733990 17733990 17733990 17733990 14778325 
17733990 17733990 17733990 17733990 17077176 
17733990 17733990 17733990 17733990 17241379 
17733990 17733990 17733990 17733990 17241379 
17733990 17733990 17733990 17733990 17733990 
17733990 17733990 17733990 17733990 17733990 
17733990 17733990 17733990 17733990 17733990 
17733990 17733990 17733990 17733990 17733990 
17733990 17733990 17733990 17733990 17733990 
17733990 17733990 17733990 17733990 17733990 
17733990 17733990 17733990 17733990 17733990 
13464696 17733990 17733990 17733990 17733990 
13300493 17733990 17733990 17733990 17733990 
17405583 17733990 17733990 17733990 17733990 
17241379 17733990 17733990 17733990 17733990 
17241379 17733990 17733990 17733990 17733990 
17241379 17733990 17733990 17733990 17733990 
17241379 17733990 17733990 17733990 17733990 
17241379 17733990 17733990 17733990 17733990 
17569787 17733990 17733990 17733990 17733990 
17569787 17733990 17733990 17733990 17733990 
17569787 17733990 17733990 17733990 17733990 
17733990 17733990 17733990 17733990 17733990 
17733990 17733990 17733990 17733990 17733990 
17733990 17733990 17733990 17733990 17733990 
17733990 17733990 17733990 17733990 17733990 
17733990 17733990 17733990 17733990 17733990 
17733990 17733990 17733990 17733990 17733990 
17733990 17733990 17733990 17733990 17733990 
17898194 17733990 17733990 17733990 17733990 
17898194 17733990 17733990 17733990 17733990 
17898194 17733990 17733990 17733990 17733990 
17898194 17733990 17733990 17733990 17733990 
17898194 18390805 17733990 17733990 17733990 
17898194 18390805 16091954 17733990 17733990 
17898194 18390805 14942529 17733990 17733990 
17898194 18390805 14942529 17733990 17733990 
17898194 18390805 16748768 17733990 17733990 
17898194 18390805 15106732 17733990 17733990 
17898194 18390805 17241379 17733990 17733990 
17898194 18390805 17733990 17733990 17733990 
17898194 18390805 17241379 17733990 17733990 
17898194 18390805 17569787 17733990 17733990 
17898194 18390805 17405583 17733990 17733990 
17898194 18390805 17405583 17733990 17733990 
17898194 18390805 17077176 17733990 17733990 
17898194 18390805 17077176 17733990 17733990 
17898194 18390805 17077176 17733990 17733990 
17898194 18390805 17077176 17733990 17733990 
17898194 18390805 17077176 17733990 17733990 
17898194 18390805 18226601 17733990 17733990 
17898194 18390805 18226601 17733990 17733990 
17898194 18390805 18226601 17733990 17733990 
17898194 18390805 18226601 17733990 17733990 
17898194 18390805 18226601 17733990 17733990 
17898194 18390805 18226601 17733990 17733990 
17898194 18390805 18226601 17733990 17733990 
17898194 18390805 18226601 17733990 17733990 
17898194 18390805 18226601 15106732 17733990 
17898194 18390805 18226601 15106732 17733990 
17898194 18390805 18226601 15106732 17733990 
17898194 18390805 18226601 17569787 17733990 
17898194 18390805 18226601 17569787 17733990 
17898194 18390805 18226601 14121511 17733990 
17898194 18390805 18226601 14121511 17733990 
17898194 18390805 18226601 17077176 17733990 
17898194 18390805 18226601 18062397 17733990 
17898194 18390805 18226601 18062397 17898194 
16748768 18390805 18226601 18062397 17898194 
16748768 18390805 18226601 18062397 17898194 
17569787 18390805 18226601 18062397 17898194 
17569787 18390805 18226601 18062397 17898194 
17569787 18390805 18226601 18062397 17898194 
17569787 18390805 18226601 18062397 17898194 
17569787 18390805 18226601 18062397 17898194 
15435140 18390805 18226601 18062397 17898194 
15435140 18390805 18226601 18062397 17898194 
15435140 18390805 18226601 18062397 17898194 
16584565 18390805 18226601 18062397 17898194 
16584565 18390805 18226601 18062397 17898194 
16584565 18390805 18226601 18062397 17898194 
16584565 18390805 18226601 18062397 17898194 
18062397 18390805 18226601 18062397 17898194 
18062397 18390805 18226601 18062397 17898194 
18062397 18390805 18226601 18062397 16091954 
18062397 18390805 18226601 18062397 16091954 
18062397 18390805 18226601 18062397 17569787 
18062397 18390805 18226601 18062397 17569787 
18062397 18390805 18226601 18062397 18062397 
18062397 18390805 18226601 18062397 18062397 
18062397 18390805 18226601 18062397 18062397 
18062397 18390805 18226601 18062397 18062397 
18226601 18390805 18226601 18062397 18062397 
18226601 18390805 18226601 18062397 18062397 
18226601 18390805 18226601 16912972 18062397 
18226601 18390805 18226601 14778325 18062397 
18226601 18390805 18226601 14778325 18062397 
18226601 18390805 18226601 15270936 18062397 
18226601 18390805 18226601 15270936 18062397 
18226601 18390805 18226601 15270936 18062397 
18226601 18390805 18226601 15270936 18062397 
18226601 18390805 18226601 15106732 18062397 
18226601 18390805 18226601 16748768 18062397 
18226601 18390805 18226601 16748768 18062397 
18226601 18390805 18226601 16748768 18062397 
18226601 18390805 18226601 17733990 18062397 
18226601 18390805 18226601 17898194 18062397 
18226601 18390805 18226601 18062397 18062397 
18226601 18390805 18226601 18062397 18062397 
18226601 18390805 18226601 18555008 18062397 
18226601 18390805 18226601 18555008 18062397 
18226601 18390805 18226601 18555008 18062397 
18226601 18390805 18226601 18555008 18062397 
18226601 18390805 18226601 18555008 18062397 
18226601 18390805 18226601 18555008 18390805 
18226601 18390805 18226601 18555008 18390805 
18226601 18390805 18226601 18555008 18390805 
18226601 18390805 18226601 18555008 18390805 
18226601 18390805 18226601 18555008 18390805 
18062397 18390805 18226601 18555008 18390805 
16256158 18390805 18226601 18555008 18390805 
15763547 18390805 18226601 18555008 18390805 
17898194 18390805 18226601 18555008 18390805 
17898194 18390805 18226601 18555008 18390805 
18062397 18390805 18226601 18555008 18390805 
18062397 18390805 18226601 18555008 18390805 
18062397 18390805 18226601 18555008 18390805 
18062397 18390805 18226601 18555008 18390805 
18062397 18390805 18226601 18555008 18390805 
18062397 18390805 18226601 18555008 18390805 
18062397 18390805 18226601 18555008 18390805 
18062397 18390805 18226601 18555008 18390805 
18062397 18390805 18226601 18555008 18390805 
18062397 18390805 18226601 18555008 18390805 
18062397 18390805 18226601 18555008 18390805 
18062397 18390805 18226601 18555008 18390805 
18062397 18390805 18226601 18555008 18390805 
18062397 18390805 18226601 18555008 18390805 
17898194 18390805 18226601 18555008 18390805 
18226601 18390805 18226601 18555008 18390805 
18226601 18390805 18226601 18555008 18390805 
18226601 18390805 18226601 18555008 18390805 
18226601 18390805 18226601 18555008 18390805 
15763547 18390805 18226601 18555008 18390805 
17898194 18390805 18226601 18555008 18390805 
17898194 18390805 18226601 18555008 18390805 
17898194 18390805 18226601 18555008 18390805 
18883415 18390805 18226601 18555008 18390805 
18883415 18390805 18226601 18555008 18390805 
18883415 18390805 18226601 18555008 18390805 
18883415 18390805 18226601 18555008 18390805 
18883415 18390805 18226601 18555008 18390805 
18883415 18390805 15599343 18555008 18390805 
18883415 18390805 15599343 18555008 18390805 
18883415 18390805 18719212 18555008 18390805 
18883415 18719212 18719212 18555008 18390805 
18883415 18719212 18719212 18555008 18390805 
18883415 18719212 18719212 18555008 18390805 
18883415 18719212 18719212 18555008 18390805 
18883415 18719212 18719212 18555008 18390805 
18883415 18719212 18719212 18555008 18390805 
18883415 18719212 18719212 18555008 18390805 
18883415 18719212 18719212 18555008 18390805 
18883415 18719212 18719212 18555008 13136289 
18883415 18719212 18719212 18555008 14121511 
18883415 18719212 18719212 18555008 13300493 
18883415 18719212 18719212 18555008 15927750 
18883415 18719212 18719212 18555008 14449918 
18883415 18719212 18719212 18555008 15927750 
18883415 18719212 18719212 18555008 18062397 
18883415 18719212 18719212 18555008 18062397 
18883415 18719212 18719212 18555008 18062397 
18883415 18719212 18719212 18555008 18555008 
18883415 18719212 18719212 18555008 18555008 
18883415 18719212 18719212 18555008 18555008 
18883415 18719212 18719212 18555008 18555008 
18883415 18719212 18719212 18555008 18555008 
18883415 18719212 18719212 15763547 18555008 
18883415 18719212 18719212 17898194 18555008 
18883415 18719212 18719212 14942529 18555008 
18883415 18719212 18719212 17077176 18555008 
18883415 18719212 18719212 17569787 18555008 
18883415 18719212 18719212 17569787 18555008 
18883415 18719212 18719212 17569787 18555008 
18883415 18719212 18719212 17569787 18555008 
18883415 18719212 18719212 17569787 18555008 
18883415 18719212 18719212 18390805 18555008 
18883415 18719212 18719212 18390805 18555008 
18883415 18719212 18719212 18390805 18555008 
18883415 18719212 18719212 18390805 18555008 
18883415 18719212 18719212 18390805 18555008 
18883415 18719212 18719212 17733990 18555008 
18883415 18719212 18719212 18555008 18555008 
18883415 18719212 18719212 17898194 18555008 
18883415 18719212 18719212 17241379 18555008 
18883415 18719212 18719212 17241379 18555008 
18883415 18719212 18719212 16420361 18555008 
18883415 18719212 18719212 17733990 18555008 
18883415 18719212 18719212 18555008 18555008 
18883415 18719212 18719212 18555008 18555008 
18883415 18719212 18719212 18555008 18555008 
18883415 18719212 18719212 18555008 18555008 
18883415 18719212 18719212 18555008 18555008 
18883415 18719212 18719212 17898194 18555008 
18883415 18719212 18719212 15599343 18555008 
18883415 18719212 18719212 17898194 18555008 
18883415 18719212 18719212 18226601 18555008 
18883415 18719212 18719212 18226601 18555008 
18883415 18719212 18719212 18226601 18555008 
18883415 18719212 18719212 18226601 18555008 
18883415 18719212 18719212 17405583 18555008 
18883415 18719212 18719212 17898194 18555008 
18883415 18719212 18719212 17898194 18555008 
18883415 18719212 18719212 18883415 18555008 
18883415 18719212 18719212 18883415 18555008 
18883415 18719212 18719212 18883415 18555008 
18883415 18719212 18719212 18883415 18555008 
18883415 18719212 18719212 18883415 18555008 
18883415 18719212 18719212 18883415 18062397 
18883415 18719212 18719212 18883415 17733990 
18883415 18719212 18719212 18883415 17733990 
18883415 18719212 18719212 18883415 17733990 
18883415 18719212 18719212 18883415 17733990 
18883415 18719212 18719212 18883415 14614122 
18883415 18719212 18719212 18883415 16912972 
18883415 18719212 18719212 18883415 17405583 
18883415 18719212 18719212 18883415 18883415 
18883415 18719212 18719212 18883415 18883415 
18883415 18719212 18719212 18883415 18883415 
18883415 18719212 18719212 18883415 18883415 
18883415 18719212 18719212 18883415 18883415 
18883415 18719212 18719212 18883415 18883415 
18883415 18719212 18719212 18883415 18883415 
18883415 18719212 18719212 18883415 18883415 
18883415 18719212 18719212 18883415 18883415 
18883415 18719212 18719212 18883415 18883415 
18883415 18719212 18719212 18883415 18883415 
18883415 18719212 18719212 18883415 18883415 
18883415 18719212 18719212 18883415 18883415 
18883415 18719212 18719212 18883415 18883415 
18883415 14778325 18719212 18883415 18883415 
18883415 17569787 18719212 18883415 18883415 
18883415 17569787 18719212 18883415 18883415 
18883415 17569787 18719212 18883415 18883415 
18883415 18226601 18719212 18883415 18883415 
18883415 18555008 18719212 18883415 18883415 
18883415 18555008 18719212 18883415 18883415 
18883415 18555008 18719212 18883415 18883415 
18883415 18555008 18719212 18883415 18883415 
18883415 18555008 18719212 18883415 18883415 
18883415 18062397 18719212 18883415 18883415 
18883415 18062397 18719212 18883415 18883415 
18883415 17241379 18719212 18883415 18883415 
18883415 18555008 18719212 18883415 18883415 
18883415 18555008 18719212 18883415 18883415 
18883415 18555008 18719212 18883415 18883415 
18883415 17405583 18719212 18883415 18883415 
18883415 17405583 18719212 18883415 18883415 
18883415 17898194 18719212 18883415 18883415 
18883415 16091954 18719212 18883415 18883415 
18883415 16748768 18719212 18883415 18883415 
18883415 15763547 18719212 18883415 18883415 
18883415 15763547 18719212 18883415 18883415 
18883415 16091954 18719212 18883415 18883415 
18883415 16420361 18719212 18883415 18883415 
18883415 16420361 18719212 18883415 18883415 
18883415 17569787 18719212 18883415 18883415 
18883415 17569787 18719212 18883415 18883415 
18883415 17569787 18719212 18883415 18883415 
18883415 17569787 18719212 18883415 18883415 
18883415 16091954 18719212 18883415 18883415 
18883415 19211823 18719212 18883415 18883415 
18883415 19211823 18719212 18883415 18883415 
18883415 19211823 18719212 18883415 18883415 
18883415 19211823 18719212 18883415 18883415 
18883415 19211823 18719212 18883415 18883415 
18883415 19211823 18719212 18883415 18883415 
18883415 19211823 14778325 18883415 18883415 
18883415 19211823 14778325 18883415 18883415 
18883415 19211823 15763547 18883415 18883415 
18883415 19211823 17569787 18883415 18883415 
18883415 19211823 19540230 18883415 18883415 
18883415 19211823 19540230 18883415 18883415 
18883415 19211823 19540230 18883415 18883415 
18883415 19211823 19540230 18883415 18883415 
18883415 19211823 19540230 18883415 18883415 
18883415 19211823 19540230 18883415 18883415 
18883415 19211823 19540230 18883415 18883415 
19047619 19211823 19540230 18883415 18883415 
19047619 19211823 19540230 18883415 18883415 
19047619 19211823 19540230 18883415 18883415 
19047619 19211823 19540230 18883415 18883415 
19047619 19211823 19540230 18883415 18883415 
19047619 19211823 19540230 18883415 18883415 
19047619 19211823 19540230 19047619 18883415 
19047619 19211823 19540230 19047619 18883415 
19047619 19211823 19540230 19047619 19047619 
18883415 19211823 19540230 19047619 19047619 
18883415 19211823 19540230 19047619 19047619 
18883415 19211823 19540230 19047619 19047619 
18883415 19211823 19540230 19047619 19047619 
18883415 19211823 19540230 19047619 19047619 
18883415 19211823 19540230 19047619 19047619 
19211823 19211823 19540230 19047619 19047619 
19211823 19211823 19540230 19047619 19047619 
19211823 19211823 19540230 19047619 19047619 
19211823 19211823 19540230 19211823 19047619 
19211823 19211823 19540230 19211823 19047619 
19211823 19211823 19540230 19211823 19376026 
19211823 19211823 19540230 19211823 19376026 
19211823 19211823 19540230 19211823 19376026 
19211823 19211823 19540230 19211823 19376026 
19211823 19211823 19540230 19211823 19376026 
19211823 19211823 19540230 19211823 19376026 
19211823 19211823 19540230 19211823 19376026 
16091954 19211823 19540230 19211823 19376026 
15435140 19211823 19540230 19211823 19376026 
19047619 19211823 19540230 19211823 19376026 
19211823 19211823 19540230 19211823 19376026 
19540230 19211823 19540230 19211823 19376026 
19540230 18719212 19540230 19211823 19376026 
19540230 19376026 19540230 19211823 19376026 
19540230 19376026 19540230 17077176 19376026 
19540230 19376026 19540230 17077176 19376026 
19540230 19376026 19540230 17077176 19376026 
19540230 19376026 19540230 18883415 19376026 
19540230 19376026 19540230 19376026 19376026 
19540230 19376026 19540230 19376026 19376026 
19540230 19376026 19540230 19376026 19376026 
19540230 19376026 19540230 19376026 19376026 
19540230 19376026 19540230 19376026 19376026 
19540230 19376026 19540230 19376026 19376026 
19540230 18883415 19540230 19376026 19376026 
19540230 18883415 19540230 19376026 19376026 
19540230 18883415 19540230 19376026 19376026 
19540230 18883415 19540230 19376026 19376026 
19540230 18883415 19540230 19376026 19376026 
19540230 17077176 19540230 19376026 19376026 
19540230 17077176 19540230 19376026 19376026 
19540230 17898194 19540230 19376026 19376026 
19540230 17898194 19540230 19376026 19376026 
19540230 18883415 19540230 19376026 19376026 
19540230 15106732 19540230 19376026 19376026 
19540230 18883415 19540230 19376026 19376026 
19540230 18883415 19540230 19376026 19376026 
19540230 18883415 19540230 19376026 19376026 
19540230 18883415 19540230 19376026 19376026 
19540230 18883415 19540230 19376026 19376026 
19540230 18883415 19540230 19376026 19376026 
19540230 17077176 19540230 19376026 19376026 
19540230 17898194 19540230 19376026 19376026 
19540230 17898194 19540230 19376026 19376026 
19540230 17898194 19540230 19376026 19376026 
19540230 17898194 19540230 19376026 19376026 
19540230 18883415 19540230 19376026 19376026 
19540230 18883415 19540230 19376026 19376026 
19540230 19047619 19540230 19376026 19376026 
19540230 18226601 19540230 19376026 19376026 
19540230 19376026 19540230 19376026 19376026 
19540230 19376026 19540230 19376026 19376026 
19540230 19376026 19540230 19376026 19376026 
19540230 19376026 19540230 19376026 19376026 
19540230 18883415 19540230 19376026 19376026 
19540230 19047619 19540230 19376026 19376026 
19540230 19047619 19540230 19376026 19376026 
19540230 19047619 19540230 19376026 19376026 
19540230 19376026 19540230 19376026 19376026 
19540230 19376026 19540230 19376026 19376026 
19540230 19047619 19540230 19376026 19376026 
19540230 19047619 19540230 19376026 19376026 
19540230 19047619 19540230 19376026 19376026 
19540230 19376026 19540230 19376026 19376026 
19540230 19704433 19540230 19376026 19376026 
19540230 19704433 19540230 19376026 19376026 
19540230 19704433 19540230 14942529 19376026 
19540230 19704433 19540230 19211823 19376026 
19540230 19704433 19540230 19211823 19376026 
19540230 19704433 19540230 19211823 19376026 
19540230 19704433 19540230 19211823 19376026 
19540230 19704433 19540230 19211823 19376026 
19540230 19704433 19540230 19211823 19376026 
19540230 19704433 19540230 17898194 19376026 
19540230 19704433 19540230 19047619 19376026 
19540230 19704433 19540230 19047619 19376026 
19540230 19704433 19540230 19047619 19376026 
19540230 19704433 19540230 19047619 19376026 
19540230 19704433 19540230 19047619 19376026 
19540230 19704433 19540230 19540230 19376026 
19540230 19704433 19540230 19540230 19047619 
19540230 19704433 19540230 19540230 19047619 
19540230 19704433 19540230 19540230 19047619 
19540230 19704433 19540230 19540230 20525452 
19540230 19704433 19540230 19540230 20525452 
19376026 19704433 19540230 19540230 20525452 
18390805 19704433 19540230 19540230 20525452 
19704433 19704433 19540230 19540230 20525452 
19704433 19704433 16091954 19540230 20525452 
19704433 19704433 19540230 19540230 20525452 
19704433 19704433 19540230 19540230 20525452 
19704433 19704433 18555008 19540230 20525452 
19704433 19704433 19047619 19540230 20525452 
19704433 19704433 19211823 19540230 20525452 
19704433 19704433 19211823 19540230 20525452 
19704433 19704433 19211823 19540230 20525452 
19704433 19704433 16748768 19540230 20525452 
19704433 19704433 18226601 19540230 20525452 
19704433 19704433 18555008 19540230 20525452 
19704433 19704433 19047619 19540230 20525452 
19704433 19704433 19047619 19540230 20525452 
19704433 19704433 19047619 19540230 20525452 
19704433 19704433 19047619 19540230 20525452 
19704433 19704433 19540230 19540230 20525452 
19704433 19704433 19540230 19540230 20525452 
19704433 19704433 19540230 19540230 20525452 
19704433 19704433 19540230 19540230 20525452 
19704433 19704433 19540230 19540230 20525452 
19704433 19704433 19540230 19540230 20525452 
19704433 19704433 19540230 19540230 20525452 
19704433 19704433 19540230 19540230 20525452 
19704433 19704433 19540230 19540230 20525452 
19704433 19704433 19868637 19540230 20525452 
19704433 19704433 19868637 19540230 20525452 
19704433 19704433 19868637 16420361 20525452 
19704433 19704433 19868637 19376026 20525452 
19704433 19704433 19868637 19376026 20525452 
19704433 19704433 19868637 18062397 20525452 
19704433 19704433 19868637 18883415 20525452 
19704433 19704433 19868637 18883415 20525452 
19704433 19704433 19868637 19540230 20525452 
19704433 19704433 19868637 19540230 20525452 
19704433 19704433 19868637 20525452 20525452 
19704433 19704433 19868637 20525452 20525452 
19704433 19704433 19868637 20525452 20525452 
19704433 19704433 19868637 20525452 20525452 
19704433 19704433 19868637 20525452 20525452 
19704433 19704433 19868637 20525452 20525452 
19704433 19704433 19868637 20525452 20525452 
19704433 19704433 19868637 20525452 20525452 
19704433 19704433 19868637 20525452 20525452 
19704433 19704433 19868637 20525452 20525452 
19704433 19704433 19868637 20525452 20525452 
19704433 19704433 19868637 20525452 20525452 
19704433 19704433 19868637 20525452 20525452 
18719212 19704433 19868637 20525452 20525452 
18719212 19704433 19868637 20525452 20525452 
20032841 19704433 19868637 20525452 20525452 
20032841 19704433 19868637 20525452 20525452 
20032841 19704433 19868637 20525452 20525452 
20032841 19704433 19868637 20525452 20525452 
20032841 19704433 19868637 20525452 20525452 
20032841 19704433 19868637 20525452 20525452 
20032841 19704433 19868637 20525452 20525452 
20032841 19704433 19868637 20525452 20525452 
20032841 19704433 19868637 20525452 20525452 
20032841 19704433 19868637 20525452 20525452 
20032841 14121511 19868637 20525452 20525452 
20032841 19868637 19868637 20525452 20525452 
20032841 19868637 19868637 20525452 20525452 
20032841 17569787 19868637 20525452 20525452 
20032841 17569787 19868637 20525452 20525452 
20032841 19047619 19868637 20525452 20525452 
20032841 19047619 19868637 20525452 20525452 
20032841 17733990 19868637 20525452 20525452 
20032841 19376026 19868637 20525452 20525452 
20032841 20197044 19868637 20525452 20525452 
20032841 20197044 20197044 20525452 20525452 
20032841 20197044 20197044 20525452 20525452 
20032841 20197044 20197044 20525452 20525452 
20361248 20197044 20197044 20525452 20525452 
20361248 20197044 20197044 20525452 20525452 
20361248 20197044 20197044 20525452 20525452 
20361248 20197044 20197044 20525452 20525452 
20361248 20197044 20197044 20525452 20525452 
20361248 20197044 20197044 20525452 20525452 
20361248 20361248 20197044 20525452 20525452 
20361248 20361248 20197044 20525452 20525452 
20361248 20361248 18062397 20525452 20525452 
20361248 20361248 19704433 20525452 20525452 
20361248 20361248 19704433 20525452 20525452 
20361248 20361248 19868637 20525452 20525452 
20361248 20361248 17077176 20525452 20525452 
20361248 20361248 19704433 20525452 20525452 
20361248 20361248 19704433 20525452 20525452 
20361248 20361248 19704433 20525452 20525452 
20361248 20361248 19376026 20525452 20525452 
20361248 20361248 19376026 20525452 20525452 
20361248 20361248 19376026 20525452 20525452 
20361248 20361248 20197044 20525452 20525452 
20361248 20361248 20197044 20525452 20525452 
20361248 20361248 20689655 20525452 20525452 
20361248 20361248 20689655 20525452 20525452 
20361248 20361248 20689655 20525452 20525452 
20361248 20361248 20689655 20525452 20525452 
15599343 20361248 20689655 20525452 20525452 
16584565 20361248 20689655 20525452 20525452 
19868637 20361248 20689655 20525452 20525452 
19868637 20361248 20689655 20525452 20525452 
14285714 20361248 20689655 20525452 20525452 
20197044 20361248 20689655 20525452 20525452 
16256158 20361248 20689655 20525452 20525452 
20197044 20361248 20689655 20525452 20525452 
20197044 20361248 20689655 20525452 20525452 
20197044 20361248 20689655 20525452 20525452 
20197044 20361248 20689655 20525452 20525452 
20197044 20361248 20689655 20525452 20525452 
20197044 20361248 20689655 20525452 20525452 
20032841 20361248 20689655 20525452 20525452 
16256158 20361248 20689655 20525452 20525452 
19376026 20361248 20689655 20525452 20525452 
19376026 20361248 20689655 20525452 20525452 
19376026 20361248 20689655 20525452 20525452 
18719212 20361248 20689655 20525452 20525452 
20197044 20361248 20689655 20525452 20525452 
20197044 20361248 20689655 20525452 20525452 
20197044 20361248 20689655 20525452 20525452 
20197044 20361248 20689655 20525452 20525452 
20197044 20361248 20689655 20525452 20525452 
20197044 20361248 20689655 20525452 20525452 
20197044 20361248 20689655 20525452 20525452 
20361248 20361248 20689655 20525452 20525452 
20361248 20361248 20689655 20525452 20525452 
19540230 20361248 20689655 20525452 20525452 
19540230 20361248 20689655 20525452 20525452 
20525452 20361248 20689655 20525452 20525452 
20525452 20032841 20689655 20525452 20525452 
20525452 17898194 20689655 20525452 20525452 
20525452 17898194 20689655 20525452 20525452 
20525452 17898194 20689655 20525452 20525452 
20525452 19376026 20689655 20525452 20525452 
20525452 19376026 20689655 20525452 20525452 
20525452 19376026 20689655 20525452 20525452 
20525452 16912972 20689655 20525452 20525452 
20525452 16912972 20689655 20525452 20525452 
20525452 20032841 20689655 20525452 20525452 
20525452 15927750 20689655 20525452 20525452 
20525452 20032841 20689655 20525452 20525452 
20525452 18062397 20689655 20525452 20525452 
20525452 17733990 20689655 20525452 20525452 
20525452 19868637 20689655 20525452 20525452 
20525452 16748768 20689655 20525452 20525452 
20525452 18062397 20689655 20525452 20525452 
20525452 19704433 20689655 20525452 20525452 
20525452 17241379 20689655 20525452 20525452 
20525452 20525452 20689655 20525452 20525452 
20689655 20525452 20689655 20525452 20525452 
20689655 19704433 20689655 20525452 20525452 
20689655 20197044 20689655 20525452 20525452 
20689655 20197044 20689655 20525452 20525452 
20689655 20197044 20689655 20525452 20525452 
20689655 20197044 20689655 20525452 20525452 
20689655 19868637 20689655 20525452 20525452 
20689655 19868637 20689655 20525452 20525452 
20689655 19868637 20689655 20525452 20525452 
20689655 19868637 20689655 20525452 20525452 
20689655 19868637 20689655 20525452 20525452 
20689655 16748768 20689655 20525452 20525452 
20689655 19540230 20689655 20525452 20525452 
20689655 19540230 20689655 20525452 20525452 
20689655 20197044 20689655 20525452 20525452 
20689655 20197044 20689655 20525452 20525452 
20689655 19868637 20689655 20525452 20525452 
20689655 20032841 20689655 20525452 20525452 
20689655 20032841 20689655 20525452 20525452 
20689655 20361248 20689655 20525452 20525452 
20689655 20361248 20689655 20525452 20525452 
20689655 20361248 20689655 20525452 20525452 
20689655 20361248 20689655 20525452 20525452 
20689655 19047619 20689655 20525452 20525452 
20689655 19047619 20689655 20525452 20525452 
20689655 19047619 20689655 20525452 20525452 
20689655 20361248 20689655 20525452 20525452 
20689655 20361248 20689655 20525452 20525452 
20689655 20361248 20689655 20525452 20525452 
20689655 20361248 20689655 20525452 20525452 
20689655 20361248 20689655 20525452 20525452 
20689655 19047619 20689655 20525452 20525452 
20689655 19868637 20689655 20525452 20525452 
20689655 19868637 20689655 20525452 20525452 
20689655 19868637 20689655 20525452 20525452 
20689655 19868637 20689655 20525452 20525452 
20689655 19868637 20689655 20525452 20525452 
20689655 20032841 20689655 20525452 20525452 
20689655 20032841 20689655 20525452 20525452 
20689655 20032841 20689655 20525452 20525452 
20689655 20032841 20689655 20525452 20525452 
20689655 20032841 20689655 20525452 20525452 
20689655 20032841 20689655 20525452 20525452 
20689655 20032841 20689655 20525452 20525452 
20689655 20032841 20689655 20525452 20525452 
20689655 20361248 20689655 20525452 20525452 
20689655 20361248 20689655 20525452 20525452 
20689655 20525452 20689655 20525452 20525452 
20689655 20525452 20689655 20525452 20525452 
20689655 20525452 20689655 20525452 20525452 
20689655 20525452 20689655 20525452 20525452 
20689655 20525452 20689655 20525452 20525452 
20689655 20525452 20689655 20525452 20525452 
20689655 20525452 20689655 20525452 20525452 
20689655 20525452 20689655 20525452 20525452 
20689655 20525452 20689655 20525452 20525452 
20689655 20525452 20689655 20525452 20525452 
20689655 20525452 20689655 20525452 20525452 
20689655 16748768 20689655 20525452 20525452 
20689655 17405583 20689655 20525452 20525452 
20689655 19868637 20689655 20525452 20525452 
20689655 19868637 20689655 20525452 20525452 
20689655 19868637 20689655 20525452 20525452 
20689655 20032841 20689655 20525452 20525452 
20689655 20525452 20689655 20525452 20525452 
20689655 20525452 20689655 20525452 20525452 
20689655 20525452 20689655 20525452 20525452 
20689655 20525452 20689655 20525452 20525452 
20689655 19704433 20689655 20525452 20525452 
20689655 20361248 20689655 20525452 20525452 
20689655 20361248 20689655 20525452 20525452 
20689655 20361248 20689655 20525452 20525452 
20689655 20361248 20689655 20525452 20525452 
20689655 20361248 20689655 20525452 20525452 
20689655 20361248 20689655 20525452 20525452 
20689655 20361248 20689655 20525452 20525452 
20689655 20361248 20689655 20525452 20525452 
20689655 20361248 20689655 20525452 20525452 
20689655 20361248 20689655 20525452 20525452 
20689655 21182266 20689655 20525452 20525452 
20689655 21182266 20689655 20525452 20525452 
20689655 21182266 20689655 20525452 20525452 
20689655 21182266 20689655 20197044 20525452 
20689655 21182266 20689655 20197044 20525452 
20689655 21182266 20689655 20525452 20525452 
20689655 21182266 20689655 19704433 20525452 
20689655 21182266 20689655 19704433 20525452 
20689655 21182266 20689655 19704433 20525452 
20689655 21182266 20689655 21018062 20525452 
20689655 21182266 20689655 21018062 18062397 
20689655 21182266 20689655 21018062 20525452 
20689655 21182266 20689655 21018062 20525452 
20689655 21182266 20689655 21018062 20525452 
20689655 21182266 20689655 21018062 21182266 
20689655 21182266 20689655 21018062 21182266 
20853859 21182266 20689655 21018062 21182266 
20853859 21182266 18719212 21018062 21182266 
20853859 21182266 18719212 21018062 21182266 
20853859 21182266 20853859 21018062 21182266 
20853859 21182266 20853859 21018062 21182266 
20853859 21182266 20853859 21018062 21182266 
18719212 21182266 20853859 21018062 21182266 
18719212 21182266 20853859 21018062 21182266 
18719212 21182266 20853859 21018062 21182266 
20361248 21182266 20853859 21018062 21182266 
21182266 21182266 20853859 21018062 21182266 
21182266 21182266 20853859 21018062 21182266 
21182266 21182266 20853859 21018062 21182266 
21182266 21182266 20853859 21018062 21182266 
21182266 21182266 20853859 21018062 21182266 
21182266 21182266 20361248 21018062 21182266 
21182266 21182266 20361248 21018062 21182266 
21182266 21182266 20689655 21018062 21182266 
21182266 21182266 20689655 21018062 21182266 
21182266 21182266 20689655 21018062 21182266 
21182266 21182266 20361248 21018062 21182266 
21182266 21182266 20525452 21018062 21182266 
21182266 21182266 20525452 21018062 21182266 
21182266 21182266 21018062 21018062 21182266 
21182266 21182266 21182266 21018062 21182266 
21182266 21182266 21182266 21018062 21182266 
21182266 21182266 21182266 18226601 21182266 
21182266 21182266 21182266 20197044 21182266 
21182266 21182266 21182266 20197044 21182266 
21182266 21182266 21182266 20197044 21182266 
21182266 21182266 21182266 20197044 21182266 
21182266 21182266 21182266 20197044 21182266 
21182266 21182266 21182266 20197044 21182266 
21182266 21182266 21182266 20197044 21182266 
21182266 21182266 21182266 20689655 21182266 
21182266 21182266 21182266 20689655 21182266 
21182266 21182266 21182266 20689655 21182266 
21182266 21182266 21182266 20689655 21182266 
21182266 21182266 21182266 20689655 21182266 
21182266 21182266 21182266 20525452 21182266 
21182266 21182266 21182266 20525452 21182266 
21182266 21182266 21182266 20525452 21182266 
21182266 21182266 21182266 17733990 21182266 
21182266 21182266 21182266 18555008 21182266 
21182266 21182266 21182266 17241379 21182266 
21182266 21182266 21182266 17241379 21182266 
21182266 21182266 21182266 21018062 21182266 
21182266 21182266 21182266 21018062 21182266 
21182266 21182266 21182266 21182266 21182266 
21182266 21182266 21182266 21182266 21182266 
21182266 21182266 21182266 21182266 21182266 
21182266 21182266 21182266 21182266 21182266 
21182266 21182266 21182266 21182266 21182266 
21182266 21182266 21182266 21182266 21182266 
21182266 21182266 21182266 21182266 21182266 
21182266 21182266 21182266 21182266 21182266 
21182266 21182266 21182266 21182266 21182266 
21182266 21182266 21182266 21182266 21182266 
21182266 21182266 21182266 21182266 21182266 
21182266 21182266 21182266 21182266 21182266 
21182266 21182266 21182266 21182266 21182266 
21182266 21182266 21182266 21182266 21182266 
17569787 21182266 21182266 21182266 21182266 
20032841 21182266 21182266 21182266 21182266 
20689655 21182266 21182266 21182266 21182266 
20689655 21182266 21182266 21182266 21182266 
21346470 21182266 21182266 21182266 21182266 
21346470 21182266 21182266 21182266 21182266 
21346470 21182266 21182266 21182266 21182266 
21346470 21182266 21182266 21182266 21182266 
21346470 21182266 21182266 21182266 21182266 
21346470 21182266 21182266 21182266 21182266 
21346470 21182266 21182266 21182266 21182266 
21346470 21182266 21182266 21182266 21182266 
21346470 21182266 21182266 21182266 21182266 
21346470 21182266 21182266 21182266 21182266 
21346470 20361248 21182266 21182266 21182266 
21346470 20361248 21182266 21182266 21182266 
21346470 20361248 21182266 21182266 21182266 
21346470 21018062 21182266 21182266 21182266 
21346470 18226601 21182266 21182266 21182266 
21346470 18719212 21182266 21182266 21182266 
21346470 18719212 21182266 21182266 21182266 
21346470 18719212 21182266 21182266 21182266 
21346470 21182266 21182266 21182266 21182266 
21346470 21182266 21182266 21182266 21182266 
21346470 21182266 21182266 21182266 21182266 
21346470 21182266 21182266 21182266 21182266 
21346470 21182266 21182266 21182266 21182266 
21346470 21182266 21182266 21182266 21182266 
21346470 21182266 21182266 21182266 21182266 
21346470 18390805 21182266 21182266 21182266 
21346470 21510673 21182266 21182266 21182266 
21346470 21510673 21182266 21182266 21182266 
21346470 21510673 20525452 21182266 21182266 
21346470 21510673 20525452 21182266 21182266 
21346470 21510673 21182266 21182266 21182266 
21346470 21510673 21182266 21182266 21182266 
21346470 21510673 20197044 21182266 21182266 
21346470 21510673 20197044 21182266 21182266 
21346470 21510673 20361248 21182266 21182266 
21346470 21510673 20361248 21182266 21182266 
21346470 21510673 20361248 21182266 21182266 
21346470 21510673 20361248 21182266 21182266 
21346470 21510673 17077176 21182266 21182266 
21346470 21510673 20853859 21182266 21182266 
21346470 21510673 21182266 21182266 21182266 
21346470 21510673 22003284 21182266 21182266 
21346470 21510673 22003284 15270936 21182266 
21346470 21510673 22003284 21018062 21182266 
21346470 21510673 22003284 21182266 21182266 
21346470 21510673 22003284 21182266 21182266 
21346470 21510673 22003284 21182266 21182266 
21346470 21510673 22003284 21510673 21182266 
21346470 21510673 22003284 21510673 21182266 
21346470 21510673 22003284 21510673 21182266 
21346470 21510673 22003284 21510673 21182266 
21346470 21510673 22003284 21510673 21182266 
21346470 21510673 22003284 21510673 21346470 
22167488 21510673 22003284 21510673 21346470 
22167488 21510673 22003284 21510673 21346470 
22167488 21510673 22003284 21510673 21346470 
22167488 21510673 22003284 21510673 21346470 
22167488 21510673 22003284 21510673 17241379 
22167488 21510673 22003284 21510673 18719212 
22167488 21510673 22003284 21510673 20853859 
22167488 21510673 22003284 21510673 20853859 
22167488 21510673 22003284 21510673 20853859 
22167488 21510673 22003284 21510673 21182266 
22167488 21510673 22003284 21510673 21182266 
22167488 21510673 22003284 21510673 20689655 
22167488 21510673 22003284 21510673 20689655 
22167488 21510673 22003284 21510673 20689655 
22167488 21510673 22003284 21510673 21018062 
22167488 21510673 22003284 21510673 21018062 
22167488 21510673 22003284 21510673 20361248 
22167488 21510673 22003284 21510673 18719212 
22167488 21510673 22003284 21510673 18719212 
22167488 21510673 22003284 21510673 18719212 
22167488 21510673 22003284 21510673 19211823 
22167488 21510673 22003284 21510673 18555008 
22167488 21510673 22003284 21510673 19047619 
22167488 21510673 22003284 21510673 19376026 
22167488 21510673 22003284 21510673 18390805 
22167488 21510673 22003284 21510673 19211823 
22167488 21510673 22003284 21510673 19211823 
22167488 21510673 22003284 21510673 19211823 
22167488 21510673 22003284 21510673 19211823 
22167488 21510673 22003284 21510673 21346470 
22167488 21510673 22003284 21510673 21346470 
22167488 21510673 22003284 21510673 21346470 
22167488 21510673 22003284 21510673 21346470 
22167488 21510673 22003284 21510673 21346470 
22167488 21510673 22003284 21510673 21346470 
22167488 21510673 22003284 21510673 17733990 
22167488 21510673 22003284 21510673 17898194 
22167488 21510673 22003284 21510673 18555008 
22167488 21510673 22003284 21510673 22003284 
22167488 21510673 22003284 21510673 22003284 
22167488 21510673 22003284 21510673 22003284 
22167488 21510673 22003284 21510673 22003284 
22167488 21510673 22003284 21510673 22003284 
22167488 22495895 22003284 21510673 22003284 
22167488 22495895 22003284 20689655 22003284 
22167488 22495895 22003284 20689655 22003284 
22167488 22495895 22003284 20689655 22003284 
22167488 22495895 22003284 22003284 22003284 
22167488 22495895 22003284 22003284 22003284 
22167488 22495895 22003284 22003284 22003284 
22167488 22495895 22003284 22003284 22003284 
22167488 22495895 22003284 22003284 22003284 
22167488 22495895 22003284 22003284 22003284 
22167488 22495895 22003284 22003284 22003284 
22167488 22495895 22167488 22003284 22003284 
22167488 22495895 22167488 22003284 22003284 
22167488 22495895 22167488 22003284 22003284 
22167488 22495895 22167488 22003284 22003284 
22167488 22495895 22167488 22003284 22003284 
22167488 22495895 22167488 22003284 22003284 
22167488 22495895 22167488 18062397 22003284 
22167488 22495895 22167488 18062397 22003284 
22167488 22495895 22167488 16584565 22003284 
22167488 22495895 22167488 16584565 22003284 
22167488 22495895 22167488 22003284 22003284 
22167488 22495895 22167488 22003284 22003284 
22167488 22495895 22167488 22003284 22003284 
22167488 22495895 22167488 22003284 22003284 
22167488 22495895 22167488 18062397 22003284 
22167488 22495895 22167488 18883415 22003284 
22167488 22495895 22167488 21346470 22003284 
22167488 22495895 22167488 21346470 22003284 
22167488 22495895 22167488 21346470 22003284 
22167488 22495895 22167488 21346470 22003284 
22167488 22495895 22167488 21839080 22003284 
22167488 22495895 22167488 21839080 22003284 
22167488 22495895 22167488 21839080 22003284 
22167488 22495895 22167488 21839080 22003284 
22167488 22495895 22167488 21839080 22003284 
22167488 22495895 22167488 22003284 22003284 
22167488 22495895 22167488 22003284 22003284 
22167488 22495895 22167488 22003284 22003284 
22167488 22495895 22167488 22003284 22003284 
22167488 22495895 22167488 22003284 22003284 
22167488 22495895 22167488 22003284 22003284 
22167488 22495895 22167488 22003284 22003284 
22167488 22495895 22167488 18883415 22003284 
22167488 22495895 22167488 21346470 22003284 
22167488 22495895 22167488 18719212 22003284 
22167488 22495895 22167488 20361248 22003284 
22167488 22495895 22167488 21510673 22003284 
22167488 22495895 22167488 21510673 22003284 
22167488 22495895 22167488 21510673 22003284 
22167488 22495895 22167488 21510673 22003284 
22167488 22495895 22167488 21510673 22003284 
22167488 22495895 22167488 21510673 22003284 
22167488 22495895 22167488 18390805 22003284 
22167488 22495895 22167488 20689655 22003284 
22167488 22495895 22167488 20689655 22003284 
22167488 22495895 22167488 20689655 22003284 
22167488 22495895 22167488 20689655 22003284 
22167488 22495895 22167488 20689655 22003284 
22167488 22495895 22167488 20689655 22003284 
22167488 22495895 22167488 21674877 22003284 
22167488 22495895 22167488 22495895 22003284 
22167488 22495895 22167488 22495895 22003284 
22167488 22495895 22167488 22495895 22003284 
22167488 22495895 22167488 22495895 21510673 
22167488 22495895 22167488 22495895 21510673 
22167488 22495895 22167488 22495895 21674877 
22167488 22495895 22167488 22495895 21674877 
22167488 22495895 22167488 22495895 22003284 
22167488 22495895 22167488 22495895 22003284 
22167488 22495895 22167488 22495895 22003284 
22167488 22495895 22167488 22495895 22003284 
22167488 22495895 22167488 22495895 22003284 
22167488 22495895 22167488 22495895 22003284 
22167488 22495895 22167488 22495895 22660099 
22167488 22495895 22167488 22495895 22660099 
22167488 22495895 22167488 22495895 22660099 
21510673 22495895 22167488 22495895 22660099 
22331691 22495895 22167488 22495895 22660099 
22331691 22495895 22167488 22495895 22660099 
22331691 22495895 20853859 22495895 22660099 
22331691 22495895 21674877 22495895 22660099 
22331691 22495895 21674877 22495895 22660099 
22331691 22495895 22331691 22495895 22660099 
19868637 22495895 22331691 22495895 22660099 
19868637 22495895 22331691 22495895 22660099 
17898194 22495895 22331691 22495895 22660099 
19376026 22495895 22331691 22495895 22660099 
21346470 22495895 22331691 22495895 22660099 
21510673 22495895 22331691 22495895 22660099 
21510673 22495895 22331691 22495895 22660099 
21839080 22495895 22331691 22495895 22660099 
21839080 22495895 22331691 22495895 22660099 
18062397 22495895 22331691 22495895 22660099 
22003284 22495895 22331691 22495895 22660099 
22003284 22495895 22331691 22495895 22660099 
22003284 22495895 22331691 22495895 22660099 
22003284 22495895 22331691 22495895 22660099 
22003284 22495895 22331691 22495895 22660099 
22003284 22495895 22331691 22495895 22660099 
22003284 22495895 22331691 22495895 22660099 
22003284 22495895 22331691 22495895 22660099 
22003284 22495895 22331691 22495895 22660099 
20689655 22495895 22331691 22495895 22660099 
22167488 22495895 22331691 22495895 22660099 
22167488 22495895 22331691 22495895 22660099 
22331691 22495895 22331691 22495895 22660099 
22331691 22495895 22331691 22495895 22660099 
22331691 22495895 22331691 22495895 22660099 
22331691 22495895 22331691 22495895 22660099 
18062397 22495895 22331691 22495895 22660099 
18883415 22495895 22331691 22495895 22660099 
19540230 22495895 22331691 22495895 22660099 
21839080 22495895 22331691 22495895 22660099 
21839080 22495895 22331691 22495895 22660099 
20853859 22495895 22331691 22495895 22660099 
22495895 22495895 22331691 22495895 22660099 
22495895 22495895 22331691 22495895 22660099 
22495895 22495895 22331691 22495895 22660099 
22495895 22495895 21346470 22495895 22660099 
22495895 22495895 21346470 22495895 22660099 
22495895 22495895 22167488 22495895 22660099 
22495895 22495895 22167488 22495895 22660099 
22495895 22495895 22167488 22495895 22660099 
22495895 22495895 22167488 22495895 22660099 
22495895 22495895 22167488 22495895 22660099 
22495895 22495895 22167488 22495895 22660099 
22495895 22495895 22167488 22495895 22660099 
22495895 22495895 17405583 22495895 22660099 
22495895 22495895 22660099 22495895 22660099 
22495895 22495895 22660099 22495895 22660099 
22495895 22495895 22660099 22495895 22660099 
22495895 22495895 22660099 22495895 22660099 
21182266 22495895 22660099 22495895 22660099 
22495895 22495895 22660099 22495895 22660099 
22495895 22495895 22660099 22495895 22660099 
22495895 22495895 22660099 22495895 22660099 
22003284 22495895 22660099 22495895 22660099 
22331691 22495895 22660099 22495895 22660099 
22331691 22495895 22660099 22495895 22660099 
22331691 22495895 22660099 22495895 22660099 
22331691 22495895 22660099 22495895 22660099 
22331691 22495895 22660099 22495895 22660099 
22331691 22495895 22660099 22495895 22660099 
22167488 22495895 22660099 22495895 22660099 
22167488 22495895 22660099 22495895 22660099 
22167488 22495895 22660099 22495895 22660099 
22167488 22495895 22660099 22495895 22660099 
22167488 22495895 22660099 22495895 22660099 
22167488 22495895 22660099 22495895 22660099 
18883415 22495895 22660099 22495895 22660099 
19868637 22495895 22660099 22495895 22660099 
19868637 22495895 22660099 22495895 22660099 
21346470 22495895 22660099 22495895 22660099 
21346470 22495895 22660099 22495895 22660099 
21346470 22495895 22660099 22495895 22660099 
21346470 22495895 22660099 22495895 22660099 
22660099 22495895 22660099 22495895 22660099 
22660099 22495895 22660099 22495895 22660099 
22660099 22495895 22660099 22495895 22660099 
22660099 22495895 22660099 22495895 22660099 
22660099 22331691 22660099 22495895 22660099 
22660099 22331691 22660099 22495895 22660099 
22660099 15763547 22660099 22495895 22660099 
22660099 22331691 22660099 22495895 22660099 
22660099 22331691 22660099 22495895 22660099 
22660099 22331691 22660099 22495895 22660099 
22660099 22331691 22660099 22495895 22660099 
22660099 22331691 22660099 22495895 22660099 
22660099 22331691 22660099 22495895 22660099 
22660099 22988506 22660099 22495895 22660099 
22660099 22988506 22660099 22495895 22660099 
22660099 22988506 22660099 22495895 22660099 
22660099 22988506 22660099 22495895 22660099 
22660099 22988506 22660099 22495895 22660099 
22660099 22988506 22660099 22495895 22660099 
22660099 22988506 22660099 22331691 22660099 
22660099 22988506 22660099 22331691 22660099 
22660099 22988506 22660099 22331691 22660099 
22660099 22988506 22660099 22331691 22660099 
22660099 22988506 22660099 22331691 22660099 
22660099 22988506 22660099 22331691 22660099 
22660099 22988506 22660099 22331691 22660099 
22660099 22988506 22660099 17569787 22660099 
22660099 22988506 22660099 22003284 22660099 
22660099 22988506 22660099 22003284 22660099 
22660099 22988506 22660099 22495895 22660099 
22660099 22988506 22660099 22495895 22660099 
22660099 22988506 22660099 22495895 22660099 
22660099 22988506 22660099 22003284 22660099 
22660099 22988506 22660099 22003284 22660099 
22660099 22988506 22660099 18226601 22660099 
22660099 22988506 22660099 20197044 22660099 
22660099 22988506 22660099 20197044 22660099 
22660099 22988506 22660099 19211823 22660099 
22660099 22988506 22660099 19211823 22660099 
22660099 22988506 22660099 19211823 22660099 
22660099 22988506 22660099 19868637 22660099 
22660099 22988506 22660099 19868637 22660099 
22660099 22988506 22660099 20689655 22660099 
22660099 22988506 22660099 20853859 22660099 
22660099 22988506 22660099 21839080 22660099 
22660099 22988506 22660099 21839080 22660099 
22660099 22988506 22660099 21839080 22660099 
22660099 22988506 22660099 21839080 22660099 
22660099 22988506 22660099 17569787 22660099 
22660099 22988506 22660099 21510673 22660099 
22660099 22988506 22660099 21510673 22660099 
22660099 22988506 22660099 21018062 22660099 
22660099 22988506 22660099 22167488 22660099 
22660099 22988506 22660099 22167488 22660099 
22660099 22988506 22660099 22167488 22660099 
22660099 22988506 22660099 22167488 22660099 
22660099 22988506 22660099 22167488 22660099 
22660099 22988506 22660099 22003284 22660099 
22660099 22988506 22660099 22003284 22660099 
22660099 22988506 22660099 22167488 22660099 
22660099 22988506 22660099 22167488 22660099 
22660099 22988506 22660099 22167488 22660099 
22660099 22988506 22660099 22167488 22660099 
22660099 22988506 22660099 22495895 22660099 
22660099 22988506 22660099 22495895 22660099 
22660099 22988506 22660099 21346470 22660099 
22660099 22988506 22660099 21346470 22660099 
22660099 22988506 22660099 22003284 22660099 
22660099 22988506 22660099 22003284 22660099 
22660099 22988506 22660099 18555008 22660099 
22660099 22988506 22660099 21674877 22660099 
22660099 22988506 22660099 21510673 22660099 
22660099 22988506 22660099 21839080 22660099 
22660099 22988506 22660099 21839080 22660099 
22660099 22988506 22660099 20032841 22660099 
22660099 22988506 22660099 21182266 22660099 
22660099 22988506 22660099 21182266 22660099 
22660099 22988506 22660099 19868637 22660099 
22660099 22988506 22660099 22003284 22660099 
22660099 22988506 22660099 22988506 22660099 
22660099 22988506 22660099 22988506 22660099 
22660099 22988506 22660099 22988506 22660099 
22660099 22988506 22660099 22988506 22660099 
22660099 22988506 22660099 22988506 22660099 
22660099 22988506 22660099 22988506 22660099 
22660099 22988506 22660099 22988506 22660099 
22660099 22988506 22660099 22988506 22660099 
22660099 22988506 22660099 22988506 22660099 
22824302 22988506 22660099 22988506 22660099 
22824302 22988506 22660099 22988506 22660099 
22824302 22988506 22660099 22988506 22660099 
22824302 22988506 18390805 22988506 22660099 
22824302 22988506 18555008 22988506 22660099 
22824302 22988506 22331691 22988506 22660099 
22824302 22988506 22003284 22988506 22660099 
22824302 22988506 22003284 22988506 22660099 
22824302 22988506 22003284 22988506 22660099 
22824302 22988506 22167488 22988506 22660099 
22824302 22988506 22331691 22988506 22660099 
22824302 22988506 22331691 22988506 22660099 
22824302 22988506 17898194 22988506 22660099 
22824302 22988506 22003284 22988506 22660099 
22824302 22988506 22003284 22988506 22660099 
22824302 22988506 22003284 22988506 22660099 
22824302 22988506 22824302 22988506 22660099 
22824302 22988506 22824302 22988506 16420361 
22824302 22988506 22824302 22988506 22660099 
22824302 22988506 22824302 22988506 22660099 
22824302 22988506 22824302 22988506 22660099 
22824302 22988506 22824302 22988506 22660099 
22824302 22988506 22824302 22988506 22660099 
22824302 22988506 22824302 22988506 21839080 
22824302 22988506 22824302 22988506 21839080 
22824302 22988506 22824302 22988506 22660099 
22824302 22988506 22824302 22988506 22660099 
22824302 22988506 22824302 22988506 22660099 
22824302 22988506 22824302 22988506 22660099 
22824302 22988506 22824302 22988506 22660099 
22824302 22988506 22824302 22988506 22660099 
22824302 22988506 22824302 22988506 22824302 
22824302 22988506 22824302 22988506 22824302 
22824302 22988506 22824302 22988506 22824302 
22824302 22988506 22824302 22988506 22824302 
22824302 22988506 22824302 22988506 22824302 
22824302 22988506 22824302 22988506 22824302 
21182266 22988506 22824302 22988506 22824302 
21182266 22988506 22824302 22988506 22824302 
22331691 22988506 22824302 22988506 22824302 
17898194 22988506 22824302 22988506 22824302 
22660099 22988506 22824302 22988506 22824302 
22660099 22988506 22824302 22988506 22824302 
22660099 22988506 22824302 22988506 22824302 
22660099 22988506 22824302 22988506 22824302 
22660099 22988506 22824302 22988506 22824302 
18226601 22988506 22824302 22988506 22824302 
18390805 22988506 22824302 22988506 22824302 
19540230 22988506 22824302 22988506 22824302 
22495895 22988506 22824302 22988506 22824302 
22495895 22988506 22824302 22988506 22824302 
22495895 22988506 22824302 22988506 22824302 
22495895 22988506 22824302 22988506 22824302 
22331691 22988506 22824302 22988506 22824302 
22660099 22988506 22824302 22988506 22824302 
22660099 22988506 22824302 22988506 22824302 
22660099 22988506 22824302 22988506 22824302 
22660099 22988506 22824302 22988506 22824302 
22660099 22988506 22824302 22988506 22824302 
23152709 22988506 22824302 22988506 22824302 
23152709 22988506 22824302 22988506 22824302 
23152709 22988506 22824302 22988506 22824302 
23152709 22988506 22824302 22988506 22824302 
23152709 22988506 19704433 22988506 22824302 
23152709 22988506 19704433 22988506 22824302 
23152709 22988506 19704433 22988506 22824302 
23152709 22988506 19704433 22988506 22824302 
23152709 22988506 19704433 22988506 22824302 
23152709 22988506 22331691 22988506 22824302 
23152709 22988506 22331691 22988506 22824302 
23152709 22988506 22660099 22988506 22824302 
23152709 22988506 22660099 22988506 22824302 
23152709 22988506 22660099 22988506 22824302 
23152709 22988506 22660099 22988506 22824302 
23152709 22988506 22660099 22988506 22824302 
23152709 22988506 22660099 22988506 22824302 
23152709 22988506 22660099 22988506 22824302 
23152709 22988506 22660099 22988506 22824302 
23152709 22988506 22660099 22988506 22824302 
23152709 22988506 22824302 22988506 22824302 
23152709 22988506 22824302 22988506 22824302 
23152709 22988506 22824302 22988506 22824302 
23152709 22988506 19540230 22988506 22824302 
23152709 22988506 22003284 22988506 22824302 
23152709 22988506 22003284 22988506 22824302 
23152709 22988506 22660099 22988506 22824302 
23152709 22988506 22660099 22988506 22824302 
23152709 22988506 22660099 22988506 22824302 
23152709 22988506 22660099 22988506 22824302 
23152709 22988506 22660099 22988506 22824302 
23152709 22988506 18555008 22988506 22824302 
23152709 22988506 18555008 22988506 22824302 
23152709 22988506 18555008 22988506 22824302 
23152709 22988506 19047619 22988506 22824302 
23152709 22988506 20197044 22988506 22824302 
23152709 22988506 20197044 22988506 22824302 
23152709 22988506 21839080 22988506 22824302 
23152709 22988506 21839080 22988506 22824302 
23152709 22988506 21839080 22988506 22824302 
23152709 22988506 21839080 22988506 22824302 
23152709 22988506 22331691 22988506 22824302 
23152709 22988506 22495895 22988506 22824302 
23152709 22988506 22495895 22988506 22824302 
23152709 22988506 22167488 22988506 22824302 
23152709 22988506 22167488 22988506 22824302 
23152709 22988506 22167488 22988506 22824302 
23152709 22988506 22167488 22988506 22824302 
23152709 22988506 22167488 22988506 22824302 
23152709 22988506 22167488 22988506 22824302 
23152709 22988506 22167488 22988506 22824302 
23152709 22988506 22167488 22988506 22824302 
23152709 22988506 22167488 22988506 22824302 
23152709 22988506 22167488 22988506 22824302 
23152709 22988506 17241379 22988506 22824302 
23152709 22988506 21674877 22988506 22824302 
23152709 22988506 23481117 22988506 22824302 
23152709 22988506 23481117 22988506 22824302 
23152709 22988506 23481117 22988506 22660099 
23152709 22988506 23481117 22988506 22660099 
23152709 22988506 23481117 22988506 19704433 
23152709 22988506 23481117 22988506 19704433 
23152709 22988506 23481117 22988506 22495895 
23152709 22988506 23481117 22988506 22167488 
23152709 22988506 23481117 22988506 22167488 
23152709 22988506 23481117 22988506 22167488 
23152709 22988506 23481117 22988506 22167488 
23152709 22988506 23481117 22988506 22331691 
23152709 22988506 23481117 22988506 23809524 
23152709 18883415 23481117 22988506 23809524 
23152709 22660099 23481117 22988506 23809524 
23152709 20197044 23481117 22988506 23809524 
23152709 20197044 23481117 22988506 23809524 
23152709 23645320 23481117 22988506 23809524 
23152709 23645320 23481117 22988506 23809524 
23152709 23645320 23481117 22988506 23809524 
23152709 23645320 23481117 22988506 23809524 
23152709 23645320 23481117 22988506 23809524 
23152709 23645320 23481117 22988506 23809524 
23152709 23645320 23481117 21346470 23809524 
23152709 23645320 23481117 22988506 23809524 
23152709 23645320 23481117 20853859 23809524 
23152709 23645320 23481117 23316913 23809524 
23152709 23645320 23481117 23316913 23809524 
23152709 23645320 23481117 23316913 23809524 
23481117 23645320 23481117 23316913 23809524 
23481117 23645320 23481117 23316913 23809524 
23481117 23645320 23481117 23316913 23809524 
23481117 23645320 23481117 22988506 23809524 
23481117 23645320 23481117 22988506 23809524 
23481117 23645320 23481117 22988506 23809524 
23481117 23645320 23481117 18555008 23809524 
23481117 23645320 23481117 20361248 23809524 
23481117 23645320 23481117 22660099 23809524 
23481117 23645320 23481117 22660099 23809524 
23481117 23645320 23481117 22331691 23809524 
23481117 23645320 23481117 21018062 23809524 
23481117 23645320 23481117 21018062 23809524 
23481117 23645320 23481117 22660099 23809524 
23481117 23645320 23481117 21674877 23809524 
23481117 23645320 23481117 21674877 23809524 
23481117 23645320 23481117 21674877 23809524 
23481117 23645320 23481117 23481117 23809524 
23481117 23645320 23481117 23481117 23809524 
22824302 23645320 23481117 23481117 23809524 
22824302 23645320 23481117 23481117 23809524 
22824302 23645320 23481117 23481117 23809524 
22824302 23645320 23481117 23481117 23809524 
22824302 23645320 23481117 23481117 23809524 
22988506 23645320 23481117 23481117 23809524 
22988506 23645320 23481117 23481117 23809524 
22988506 23645320 23481117 23481117 23809524 
22988506 23645320 23481117 23481117 23809524 
22988506 23645320 23481117 23481117 23809524 
23316913 23645320 23481117 23481117 23809524 
23316913 23645320 23481117 23481117 23809524 
23316913 23645320 23481117 23481117 23809524 
23152709 23645320 23481117 23481117 23809524 
23152709 23645320 23481117 23481117 23809524 
23152709 23645320 23481117 23481117 23809524 
23152709 23645320 23481117 23481117 23809524 
22167488 23645320 23481117 23481117 23809524 
22660099 23645320 23481117 23481117 23809524 
22660099 23645320 23481117 23481117 23809524 
22660099 23645320 23481117 23481117 23809524 
19704433 23645320 23481117 23481117 23809524 
19704433 23645320 23481117 23481117 23809524 
23481117 23645320 23481117 23481117 23809524 
23481117 23645320 23481117 23481117 23809524 
23481117 23645320 23481117 23481117 23809524 
23481117 23645320 23481117 23481117 23809524 
23481117 23645320 23481117 23481117 23809524 
23481117 23645320 23481117 23481117 23809524 
23481117 23645320 23481117 23481117 23809524 
23481117 23645320 23481117 23481117 23809524 
20525452 23645320 23481117 23481117 23809524 
19704433 23645320 23481117 23481117 23809524 
20361248 23645320 23481117 23481117 23809524 
22824302 23645320 23481117 23481117 23809524 
22824302 23645320 23481117 23481117 23809524 
22988506 23645320 23481117 23481117 23809524 
22988506 23645320 23481117 23481117 23809524 
22988506 23645320 23481117 23481117 23809524 
22988506 23645320 23481117 23481117 23809524 
23316913 23645320 23481117 23481117 23809524 
23316913 23645320 23481117 23481117 23809524 
23316913 23645320 23481117 23481117 23809524 
23316913 23645320 23481117 23481117 23809524 
20361248 23645320 23481117 23481117 23809524 
20361248 23645320 23481117 23481117 23809524 
20361248 23645320 23481117 23481117 23809524 
20361248 23645320 23481117 23481117 23809524 
20689655 23645320 23481117 23481117 23809524 
24466338 23645320 23481117 23481117 23809524 
24466338 23645320 23481117 23481117 23809524 
24466338 23645320 23481117 23481117 23809524 
24466338 23645320 23481117 23481117 23809524 
24466338 23645320 23481117 23481117 23809524 
24466338 23645320 23152709 23481117 23809524 
24466338 23645320 23152709 23481117 23809524 
24466338 23645320 23152709 23481117 23809524 
24466338 23645320 23973727 23481117 23809524 
24466338 23645320 23973727 23481117 23809524 
24466338 23645320 23973727 23481117 23809524 
24466338 23645320 23973727 23481117 23809524 
24466338 23645320 23973727 18719212 23809524 
24466338 23645320 23973727 23481117 23809524 
24466338 23645320 23973727 23481117 23809524 
24466338 23645320 23973727 23481117 23809524 
24466338 23645320 23973727 23481117 23809524 
24466338 23645320 23973727 18390805 23809524 
24466338 23645320 23973727 23809524 23809524 
24466338 23645320 23973727 23809524 23809524 
24466338 23973727 23973727 23809524 23809524 
24466338 23973727 23973727 23809524 23809524 
24466338 23973727 23973727 20032841 23809524 
24466338 23973727 23973727 23645320 23809524 
24466338 23973727 23973727 23645320 23809524 
24466338 23973727 23973727 20032841 23809524 
24466338 23973727 23973727 20032841 23809524 
24466338 23973727 23973727 21839080 23809524 
24466338 23973727 23973727 23481117 23809524 
24466338 23973727 23973727 23481117 23809524 
24466338 23973727 23973727 23481117 23809524 
24466338 23973727 23973727 23481117 23809524 
24466338 23973727 23973727 23481117 23809524 
24466338 23973727 23973727 23481117 23809524 
24466338 23973727 23973727 23481117 23809524 
24466338 23973727 23973727 23645320 23809524 
24466338 23973727 23973727 23645320 23809524 
24466338 23973727 23973727 23645320 23809524 
24466338 23973727 23973727 23645320 23809524 
24466338 23973727 23973727 23645320 23809524 
24466338 23973727 23973727 23645320 23809524 
24466338 23973727 23973727 23645320 23809524 
24466338 23973727 23973727 23645320 23809524 
24466338 23973727 23973727 23645320 23809524 
24466338 23973727 23973727 23645320 23809524 
24466338 23973727 23973727 23645320 23809524 
24466338 23973727 23973727 23645320 23809524 
24466338 23973727 23973727 23645320 23809524 
24466338 23973727 23973727 23481117 23809524 
24466338 23973727 23973727 23481117 23809524 
24466338 23973727 23973727 23481117 23809524 
24466338 23973727 23973727 23481117 23809524 
24466338 23973727 23973727 23481117 23809524 
24466338 23973727 23973727 23481117 23809524 
24466338 23973727 23973727 17569787 23809524 
24466338 23973727 23973727 23809524 23809524 
24466338 23973727 23973727 23809524 23809524 
24466338 23973727 23973727 23809524 23809524 
24466338 23973727 23973727 23809524 23809524 
24466338 23973727 23973727 23809524 23809524 
24466338 23973727 23973727 23809524 23809524 
24466338 23973727 23973727 23809524 23809524 
24466338 23973727 23973727 23809524 23809524 
24466338 23973727 23973727 23809524 23809524 
24466338 23973727 23973727 23809524 23809524 
24466338 23973727 23973727 23809524 23809524 
24466338 23973727 23973727 23316913 23809524 
24466338 23973727 23973727 23645320 23809524 
24466338 23973727 23973727 23973727 23809524 
24466338 23973727 23973727 23973727 23809524 
24466338 23973727 23973727 23973727 23809524 
24466338 23973727 23973727 23973727 23809524 
24466338 23973727 23973727 23973727 23809524 
24466338 23973727 23973727 23973727 23809524 
24466338 23973727 23973727 23973727 23809524 
24466338 23973727 23973727 23973727 23809524 
24466338 23973727 23973727 23973727 23809524 
24466338 23973727 23973727 23973727 23809524 
24466338 23973727 23973727 23973727 23809524 
24466338 23973727 23973727 23973727 23809524 
24466338 23973727 23973727 23973727 23809524 
24466338 23973727 23973727 23973727 23809524 
24466338 23973727 23973727 23973727 23809524 
24466338 23973727 23973727 23973727 23809524 
24466338 23973727 23973727 23973727 23809524 
24466338 23973727 23973727 23973727 23809524 
24466338 23973727 23973727 23973727 23809524 
24466338 23973727 23973727 23973727 21182266 
24466338 23973727 23973727 23973727 23481117 
24466338 23973727 23973727 23973727 23645320 
24466338 23973727 23973727 23973727 23645320 
24466338 23973727 23973727 23973727 23645320 
24466338 23973727 23973727 23973727 23645320 
24466338 23973727 23973727 23973727 23645320 
24466338 23973727 23973727 23973727 23645320 
24466338 23973727 23973727 23973727 23645320 
24466338 23973727 23973727 23973727 23645320 
24466338 23973727 23973727 23973727 23645320 
24466338 23973727 23973727 23973727 23645320 
24466338 23973727 23973727 23973727 23645320 
24466338 23973727 23973727 23973727 23645320 
24466338 23973727 23973727 23973727 23645320 
24466338 23973727 23973727 23973727 19047619 
24466338 23973727 23973727 23973727 21674877 
24466338 23973727 23973727 23973727 21674877 
24466338 23973727 23973727 23973727 21674877 
24466338 23973727 23973727 23973727 23481117 
24466338 23973727 23973727 23973727 23152709 
24466338 23973727 23973727 23973727 23481117 
24466338 23973727 23973727 23973727 23481117 
24466338 23973727 23973727 23973727 23481117 
24466338 23973727 23973727 23973727 23481117 
24466338 23973727 23973727 23973727 23481117 
24466338 23973727 23973727 23973727 23645320 
24466338 23973727 23973727 23973727 23645320 
24466338 23973727 23973727 23973727 23645320 
24466338 23973727 23973727 23973727 22988506 
24466338 23973727 23973727 23973727 21674877 
24466338 23973727 23973727 23973727 23645320 
24466338 23973727 23973727 23973727 18226601 
24466338 23973727 23973727 23973727 23809524 
24466338 23973727 23973727 23973727 23809524 
24466338 23973727 23973727 23973727 20361248 
24466338 23973727 23973727 23973727 24137931 
24466338 23973727 23973727 23973727 24137931 
24466338 22824302 23973727 23973727 24137931 
24466338 22824302 23973727 23973727 24137931 
24466338 22824302 23973727 23973727 24137931 
24466338 22824302 23973727 23973727 24137931 
24466338 22988506 23973727 23973727 24137931 
24466338 23152709 23973727 23973727 24137931 
24466338 23152709 23973727 23973727 24137931 
24466338 22988506 23973727 23973727 24137931 
24466338 23645320 23973727 23973727 24137931 
24466338 23645320 23973727 23973727 24137931 
24466338 23645320 23973727 23973727 24137931 
24466338 23645320 23973727 23973727 24137931 
24466338 23645320 23973727 23973727 24137931 
24466338 23645320 23973727 23973727 24137931 
24466338 23645320 23973727 23973727 24137931 
24466338 23645320 23973727 23973727 24137931 
24466338 23645320 23973727 23973727 24137931 
24466338 23645320 23973727 23973727 24137931 
24466338 19047619 23973727 23973727 24137931 
24466338 19047619 23973727 23973727 24137931 
24466338 19047619 23973727 23973727 24137931 
24466338 19047619 23973727 23973727 24137931 
24466338 19047619 23973727 23973727 24137931 
24466338 21674877 23973727 23973727 24137931 
24466338 21674877 23973727 23973727 24137931 
24466338 21674877 23973727 23973727 24137931 
24466338 21674877 23973727 23973727 24137931 
24466338 22495895 23973727 23973727 24137931 
24466338 24302135 23973727 23973727 24137931 
24466338 24302135 23973727 23973727 24137931 
24466338 24302135 23973727 23973727 24137931 
24466338 24302135 20689655 23973727 24137931 
24466338 24302135 20689655 23973727 24137931 
24466338 24302135 24630542 23973727 24137931 
24466338 24302135 24630542 23973727 24137931 
24466338 24302135 24630542 24137931 24137931 
24466338 24302135 24630542 20032841 24137931 
24466338 24302135 24630542 22331691 24137931 
24466338 24302135 24630542 22331691 24137931 
24466338 24302135 24630542 20689655 24137931 
24466338 24302135 24630542 20689655 24137931 
24466338 24302135 24630542 20689655 24137931 
24466338 24302135 24630542 20689655 24137931 
24466338 24302135 24630542 21018062 24137931 
24466338 24302135 24630542 23316913 24137931 
24466338 24302135 24630542 24137931 24137931 
24466338 24302135 24630542 22988506 24137931 
24466338 24302135 24630542 22988506 24137931 
24466338 24302135 24630542 23152709 24137931 
24466338 24302135 24630542 23152709 24137931 
24466338 24302135 24630542 23152709 24137931 
24466338 24302135 24630542 23152709 24137931 
24466338 24302135 24630542 23152709 24137931 
24466338 24302135 24630542 23973727 24137931 
24466338 24302135 24630542 23481117 24137931 
24466338 24302135 24630542 23481117 24137931 
24466338 24302135 24630542 23481117 24137931 
24466338 24302135 24630542 23481117 24137931 
24466338 24302135 24630542 23481117 24137931 
24466338 24302135 24630542 23481117 24137931 
24466338 24302135 24630542 23481117 24137931 
24466338 24302135 24630542 23481117 24137931 
24466338 24302135 24630542 23481117 24137931 
24466338 24302135 24630542 23973727 24137931 
24466338 24302135 24630542 23973727 24137931 
24466338 24302135 24630542 23809524 24137931 
24466338 24302135 24630542 23809524 24137931 
24466338 24302135 24630542 23809524 24137931 
24466338 24302135 24630542 23809524 24137931 
24466338 24302135 24630542 23973727 24137931 
24466338 24302135 24630542 24137931 24137931 
24466338 24302135 24630542 24137931 24137931 
24466338 24302135 24630542 24137931 24137931 
24466338 24302135 24630542 24137931 24137931 
24466338 24302135 24630542 24137931 24137931 
24466338 24302135 24630542 24137931 24137931 
24466338 24302135 24630542 24137931 24137931 
24466338 24302135 24630542 24137931 24137931 
24466338 24302135 24630542 24137931 24137931 
24466338 24302135 24630542 24137931 24137931 
24466338 24302135 24630542 24137931 24137931 
24466338 24302135 24630542 24137931 24137931 
24466338 24302135 24630542 24137931 24137931 
24466338 24302135 24630542 24137931 24137931 
24466338 24302135 24630542 24137931 24137931 
24466338 24302135 24630542 24137931 24137931 
24466338 24302135 24630542 23645320 24137931 
24466338 24302135 24630542 23645320 24137931 
24466338 24302135 24630542 23809524 24137931 
24466338 24302135 24630542 23809524 24137931 
24466338 24302135 24630542 24466338 24137931 
24466338 24302135 24630542 24466338 24137931 
24466338 24302135 24630542 24466338 24137931 
24466338 24302135 24630542 24466338 24137931 
24466338 24302135 24630542 24466338 24137931 
24466338 24302135 24630542 24466338 21510673 
24466338 24302135 24630542 24466338 23809524 
24466338 24302135 24630542 24466338 23809524 
24466338 24302135 24630542 24466338 23645320 
24466338 24302135 24630542 24466338 23481117 
24466338 24302135 24630542 24466338 23481117 
24466338 24302135 24630542 24466338 23481117 
24466338 24302135 24630542 24466338 23481117 
24466338 24302135 24630542 24466338 23481117 
24466338 24302135 24630542 24466338 23645320 
24466338 24302135 24630542 24466338 23645320 
24466338 24302135 24630542 24466338 22331691 
24466338 24302135 24630542 24466338 22331691 
24466338 24302135 24630542 24466338 23809524 
24466338 24302135 24630542 24466338 23809524 
24466338 24302135 24630542 24466338 23973727 
24466338 24302135 24630542 24466338 23973727 
24466338 24302135 24630542 24466338 23973727 
24466338 24302135 24630542 24466338 23973727 
24466338 24302135 24630542 24466338 24137931 
24466338 24302135 24630542 24466338 24137931 
24466338 24302135 24630542 24466338 24137931 
24466338 24302135 24630542 24466338 24137931 
24466338 24302135 24630542 24466338 24137931 
24466338 24302135 24630542 24466338 24137931 
24466338 24302135 24630542 24466338 24137931 
24466338 24302135 24630542 24466338 24137931 
24466338 24302135 24630542 24466338 24137931 
24466338 24302135 24630542 24466338 24137931 
24466338 24302135 24630542 24466338 24137931 
24466338 24302135 24630542 24466338 24137931 
24466338 24302135 24630542 24466338 21839080 
24466338 24302135 24630542 24466338 21839080 
24466338 24302135 24630542 24466338 23809524 
24466338 24302135 24630542 24466338 23809524 
24466338 24302135 24630542 24466338 23809524 
24466338 24302135 24630542 24466338 23809524 
24466338 24302135 24630542 24466338 23809524 
24466338 24302135 24630542 24466338 24137931 
24466338 24302135 24630542 24466338 24137931 
24466338 24302135 24630542 24466338 19540230 
24466338 24302135 24630542 24466338 19704433 
24466338 24302135 24630542 24466338 19704433 
24466338 24302135 24630542 24466338 21346470 
24466338 24302135 24630542 24466338 23481117 
24466338 24302135 24630542 24466338 23481117 
24466338 24302135 24630542 24466338 23481117 
24466338 24302135 24630542 24466338 22167488 
24466338 24302135 24630542 24466338 23481117 
24466338 24302135 24630542 24466338 22988506 
24466338 24302135 24630542 24466338 22988506 
24466338 24302135 24630542 24466338 20525452 
24466338 24302135 24630542 24466338 20525452 
24466338 24302135 24630542 24466338 24137931 
24466338 24302135 24630542 24466338 22660099 
24466338 24302135 24630542 24466338 24466338 
24466338 24302135 24630542 24466338 24466338 
24466338 24302135 24630542 24466338 24466338 
24466338 24302135 24630542 24466338 24466338 
24466338 24302135 24630542 24466338 24466338 
24466338 24302135 24630542 24466338 24466338 
24466338 24302135 24630542 24466338 24466338 
24466338 24302135 24630542 24466338 24466338 
24466338 23481117 24630542 24466338 24466338 
24466338 19540230 24630542 24466338 24466338 
24466338 21346470 24630542 24466338 24466338 
24466338 23973727 24630542 24466338 24466338 
24466338 23973727 24630542 24466338 24466338 
24466338 23152709 24630542 24466338 24466338 
24466338 23152709 24630542 24466338 24466338 
24466338 23152709 24630542 24466338 24466338 
24466338 22988506 24630542 24466338 24466338 
24466338 23481117 24630542 24466338 24466338 
24466338 23481117 24630542 24466338 24466338 
24466338 19540230 24630542 24466338 24466338 
24466338 24302135 24630542 24466338 24466338 
24466338 24302135 24630542 24466338 24466338 
24466338 24302135 24630542 24466338 24466338 
24466338 23645320 24630542 24466338 24466338 
24466338 23645320 24630542 24466338 24466338 
24466338 24137931 24630542 24466338 24466338 
24466338 24137931 24630542 24466338 24466338 
24466338 24137931 24630542 24466338 24466338 
24466338 24137931 24630542 24466338 24466338 
24466338 24137931 24630542 24466338 24466338 
24466338 24137931 24630542 24466338 24466338 
24466338 24137931 24630542 24466338 24466338 
24466338 24137931 24630542 24466338 24466338 
24466338 24137931 24630542 24466338 24466338 
24466338 24137931 24630542 24466338 24466338 
24466338 24137931 24630542 24466338 24466338 
24466338 24137931 24630542 24466338 24466338 
24466338 24137931 24630542 24466338 24466338 
24466338 24137931 24630542 24466338 24466338 
24466338 19868637 24630542 24466338 24466338 
24466338 23645320 24630542 24466338 24466338 
24466338 23645320 24630542 24466338 24466338 
24466338 23645320 24630542 24466338 24466338 
24466338 23645320 24630542 24466338 24466338 
24466338 23645320 24630542 24466338 24466338 
24466338 23645320 24630542 24466338 24466338 
24466338 23645320 24630542 24466338 24466338 
24466338 23645320 24630542 24466338 24466338 
24466338 23645320 24630542 24466338 24466338 
24466338 23645320 24630542 24466338 24466338 
24466338 24302135 24630542 24466338 24466338 
24466338 24302135 24630542 24466338 24466338 
24466338 24302135 24630542 24466338 24466338 
24466338 24302135 24630542 24466338 24466338 
24466338 22988506 24630542 24466338 24466338 
24466338 23316913 24630542 24466338 24466338 
24466338 23316913 24630542 24466338 24466338 
24466338 21839080 24630542 24466338 24466338 
24466338 24137931 24630542 24466338 24466338 
24466338 24137931 24630542 24466338 24466338 
24466338 24137931 24630542 24466338 24466338 
24466338 24137931 24630542 24466338 24466338 
24466338 24137931 24630542 24466338 24466338 
24466338 23809524 24630542 24466338 24466338 
24466338 22988506 24630542 24466338 24466338 
24466338 22988506 24630542 24466338 24466338 
24466338 23152709 24630542 24466338 24466338 
24466338 24302135 24630542 24466338 24466338 
24466338 23316913 24630542 24466338 24466338 
24466338 22660099 24630542 24466338 24466338 
24466338 22660099 24630542 24466338 24466338 
24466338 24302135 24630542 24466338 24466338 
24466338 24302135 24630542 24466338 24466338 
24466338 24302135 24630542 24466338 24466338 
24466338 23316913 24630542 24466338 24466338 
24466338 23316913 24630542 24466338 24466338 
24466338 22988506 24630542 24466338 24466338 
24466338 22988506 24630542 24466338 24466338 
24466338 22988506 24630542 24466338 24466338 
24466338 22988506 24630542 24466338 24466338 
24466338 22988506 24630542 24466338 24466338 
24466338 23809524 24630542 24466338 24466338 
24466338 21346470 24630542 24466338 24466338 
24466338 24302135 24630542 24466338 24466338 
24466338 22824302 24630542 24466338 24466338 
24466338 24630542 24630542 24466338 24466338 
24794745 24630542 24630542 24466338 24466338 
24794745 24630542 24630542 24466338 24466338 
24794745 24630542 24630542 22660099 24466338 
24794745 24630542 24630542 23809524 24466338 
24794745 24630542 24630542 23973727 24466338 
24794745 24630542 24630542 23973727 24466338 
24794745 24630542 24630542 24137931 24466338 
24794745 24630542 24630542 24137931 24466338 
24794745 24630542 24630542 24137931 24466338 
24794745 24630542 24630542 24137931 24466338 
24794745 24630542 24630542 24137931 24466338 
24794745 24630542 24630542 24137931 24466338 
24794745 24630542 24630542 24137931 24466338 
24794745 24630542 24630542 21839080 24466338 
24794745 24630542 24630542 21510673 24466338 
24794745 24630542 24630542 21510673 24466338 
24794745 24630542 24630542 23973727 24466338 
24794745 24630542 24630542 24302135 24466338 
24794745 24630542 24630542 24302135 24466338 
24794745 24630542 24630542 24302135 24466338 
24794745 24630542 24630542 24302135 24466338 
24794745 24630542 24630542 24137931 24466338 
24794745 24630542 24630542 24466338 24466338 
24794745 24630542 24630542 24466338 24466338 
24794745 24630542 24630542 24466338 24466338 
24794745 24630542 24630542 24466338 24466338 
24794745 24630542 24630542 24466338 24466338 
24794745 24630542 24630542 24466338 24466338 
24794745 24630542 24630542 24466338 24466338 
24794745 24630542 24630542 24466338 24466338 
24794745
