365
55 47 36 92 50 19 73 31 97 14 79 46 58 55 47 29 85 81 1 61 99 60 85 89 74 37
17857 5806 7458 8541 10563 17009 16559 14457 11491 6245 12568 3025 13393 8196 18951 9079 15536 2432 4518 15784 9280 18254 12119 4903 4015 14412
15165 5585 14264 7898 6536 4873 3447 17613 145 9146 6907 7339 15302 1598 5851 14382 18828 1657 5120 15241 11009 5004 11134 2815 11472 11127
15112 9513 568 17272 16719 257 277 14882 11738 4752 17665 7787 19889 13155 3127 544 2655 15901 2718 6783 9352 9667 17277 8819 1883 13560
7701 7801 10525 16877 9450 10194 3591 14611 10950 7374 2627 2685 16830 7819 14617 15878 10891 9438 6331 2671 14542 1706 751 16210 18406 16238
17246 16476 9965 12765 19655 8254 4004 14289 3107 7272 1463 18504 10879 10379 3344 13289 16375 280 16548 1145 3951 9642 13153 14935 3327 4177
14523 9633 2236 11942 8715 10503 10811 14909 15946 2223 8397 14594 3194 13668 19831 3828 10075 4445 7686 18652 7500 6570 10729 13088 19748 15457
7399 3198 17592 9354 18803 1997 7068 999 7009 12739 16793 975 8558 14903 4342 9271 12432 17325 11369 2103 8528 19580 8243 14025 13387 8115
12607 13559 8374 18249 10979 10601 17527 4360 8850 7723 1270 17123 19029 1020 17162 14178 8716 9757 18806 6769 16242 16388 8915 14963 6541 8175
4319 18598 12759 9609 8516 10126 5522 6766 12622 3480 16107 14181 6340 12660 16470 8321 14400 9377 10844 13133 7453 15215 17185 15818 10817 13280
9410 16166 7549 7739 1946 1977 17517 19388 975 5471 8246 12790 10851 7769 17499 10428 5078 10843 14920 11903 6362 4976 2824 11165 11580 18051
4007 13512 18505 8289 7230 10982 18952 14437 182 19164 1285 8550 3029 4291 16021 946 10590 19257 11525 16802 14593 1456 18465 14561 12059 1306
19252 15561 8427 12412 14537 908 19517 14971 18818 15130 3641 7222 13250 13192 11063 15326 6290 5364 16117 1449 6221 10150 3319 12422 13608 5827
8881 14340 9378 5763 8073 5826 17403 7981 6529 17239 16252 11838 17948 10093 1602 1467 9661 17545 11164 16658 17088 12247 3844 836 19763 680
17782 2072 12822 5293 13450 10693 12355 19059 13577 56 2915 4462 17085 11612 3494 6563 7849 4074 9152 4549 12599 5859 16559 2949 13180 11087
14798 5240 19884 19499 3924 19812 1688 8213 14522 18441 10036 6020 8838 7983 3502 5279 9619 8142 6030 8051 227 19786 18150 3749 7317 15212
4656 9216 17510 5031 5195 1905 19360 9511 7168 9730 15531 1433 17527 14449 9068 19309 11463 19137 11328 19263 2951 7492 13095 725 18729 3633
11179 1815 6196 9855 16482 4826 13159 401 14637 5487 3738 18050 16566 5049 8134 14366 10307 12738 5715 8717 9621 14784 15866 584 8899 12446
14453 1807 10017 6981 7205 790 5234 18680 8334 16424 3215 18938 14768 582 19461 8906 9250 1184 15476 10956 4208 18479 535 11935 7032 4928
13795 1292 11000 9478 9022 23 1921 999 15629 9215 2691 2617 4071 9563 2371 8870 7307 17700 3668 3589 11338 9927 5036 8911 16003 16697
9168 7105 18614 15460 2945 16335 9820 14518 5888 7180 14276 7757 4307 18811 14823 7091 14775 10616 18336 13609 1245 5699 7126 13244 17903 18675
17013 4363 11807 5513 11096 15834 6202 7510 1513 8527 14251 11778 16029 13236 16729 6791 16698 9675 11833 11143 9782 5625 9716 14390 14171 16035
17553 225 6129 17007 932 139 16420 11570 4318 201 7935 12562 12869 12840 6841 7633 12524 6511 3238 1988 9096 2182 16851 12219 5002 17372
6353 5868 2401 13130 14102 18621 6448 15383 19865 5557 19745 2786 685 10207 1088 17464 4558 820 11003 19426 6857 4219 19496 11834 7335 11970
4555 951 3432 6437 5666 6820 13132 24 7017 8063 19898 13680 8154 18722 13719 8180 5345 6080 18289 17949 9563 10425 10897 14765 13260 12093
5894 7447 18048 15312 11553 16940 16231 15375 6853 19961 14823 3441 5068 18849 533 17478 18724 2012 13956 932 14365 11459 11758 849 6760 8585
12593 15089 17419 17810 14932 2987 6779 3345 16702 12086 15579 2296 15135 15287 1822 18117 8219 4941 2496 6410 5009 202 7157 12253 6958 2615
5890 5327 2922 11405 11354 19464 10925 11568 786 19520 19958 17317 10399 3176 5952 8143 5661 5348 4119 11625 10456 5595 10827 15475 16424 5835
16252 2874 4456 6642 13319 2654 3194 6089 2101 10447 14758 7746 10807 8377 7621 6317 17691 411 18833 1667 17044 4562 3836 13942 2554 5104
638 5480 6659 16189 11492 503 8912 2024 3779 16055 1212 1320 1742 4896 18742 12016 3277 7441 11349 16076 3599 5058 16533 7773 18372 2595
2466 721 5776 10786 7515 2737 6985 9204 6081 9821 15578 14792 3607 10536 2676 13050 14457 6739 15110 15697 6847 8056 9830 17023 16545 6493
14842 13972 13666 9946 17634 19474 1856 2627 16988 4081 7895 2820 18799 16671 9883 12870 15285 5448 7332 14869 9292 9244 11337 9674 577 2506
15345 12877 8301 9894 17157 13592 859 11904 16999 6683 8311 6029 13533 17902 2741 16934 4919 5352 17926 6031 13667 5042 16523 7501 8934 19170
14679 594 19179 6574 17720 10253 2676 6388 5598 15142 8200 19551 16303 9712 10424 15893 5103 17749 3479 1703 3837 11178 567 16962 16145 15291
1840 14534 3532 17594 10509 15948 160 15902 19958 15594 2278 6856 19671 10537 3361 8974 4531 4090 19405 2112 13879 19363 15646 10326 6848 4730
15143 268 12191 16823 18535 13353 15328 7439 4366 3800 1438 1020 13341 13327 18611 13795 15807 4090 8180 14690 2458 13131 8632 7182 6219 12772
13396 3158 13107 5799 16247 13775 9720 18667 11309 14536 15955 11322 18357 14202 6813 1005 3433 6565 7875 8977 11269 15713 19275 40 11287 17380
9111 8918 12759 19903 18596 4607 13828 16636 17293 7932 19058 5559 9195 14822 10069 6997 10860 18832 19099 7661 3931 14277 11904 2278 12788 13126
19335 10642 10735 19046 19026 17591 939 18798 18065 1355 19985 17732 301 19160 10438 12792 4788 14093 11760 5148 19624 14859 5537 14756 4486 18051
16069 3502 3810 19705 14325 3569 2323 14231 8924 14969 1423 16709 3368 4443 12393 12360 12238 9472 17908 1721 6208 7743 10302 9672 17247 18650
6535 17570 11554 8858 6599 15985 10436 18968 14308 12546 543 19672 11574 881 10970 7941 3566 8988 6575 11038 17735 6272 19199 1478 6210 3939
2597 18133 10817 14638 14262 9363 319 15738 9930 16688 6090 14909 14148 11840 6561 12219 10909 4569 12649 15487 17485 14424 6244 8595 4447 8804
235 14950 9099 10150 2509 18334 10341 8412 532 9812 712 11620 12716 11500 5459 3241 15561 1002 18524 7815 7163 12746 9478 8777 17492 12771
16732 17945 5001 4222 10657 808 12776 14696 15836 4412 19840 14942 17706 14917 13331 828 18236 10906 6261 5775 13615 16604 18193 5391 9865 18400
5615 3856 58 5508 18318 15488 13459 13192 13932 3375 12168 7438 14799 5518 4648 1192 10222 9923 9639 10552 9357 6993 1235 14553 13453 17582
9739 3987 14703 8671 17694 11798 8572 9396 8397 8927 2169 13170 17389 19797 18740 7046 8072 16520 799 3788 6669 17016 16952 7662 19641 3992
12487 3399 11905 8093 8380 16235 4339 2139 17517 3069 17148 10076 1835 17150 9195 13874 17302 5703 2229 1770 16855 15369 4406 18965 14629 15673
17012 5058 7583 3386 7520 14419 18275 1891 10058 11305 10644 17452 2785 11831 4975 14559 17142 12194 17134 12856 13281 3339 16881 8731 17139 16901
12390 15282 4641 14261 10747 985 17152 11212 12306 13346 11512 8777 12275 13086 11401 6891 15858 4047 8726 18342 7338 5582 1877 18757 17432 11735
2175 11194 6750 5531 160 12762 2884 226 7447 1598 16281 17829 1893 4449 19714 13171 19861 8570 12425 18527 15972 15817 8632 5313 19671 11079
15479 3981 5829 8545 11335 2669 12465 3490 9090 3628 13711 18137 18171 18291 18626 2783 5090 17038 14364 8408 6513 6815 13351 12210 19133 3490
12727 12773 15735 7246 14756 18360 19535 14359 15240 1108 5799 9549 11713 12302 12483 14517 1120 284 17018 8536 11800 18512 1911 16753 15264 3995
7073 9024 16930 11199 16324 11169 8374 227 11852 13596 10460 19095 3645 16099 7765 18528 10683 12513 4100 6922 19180 11628 9765 8600 14406 5291
10809 13700 4786 2686 9805 3476 2984 3968 14955 13933 2506 1308 13131 4507 13295 13327 7344 18438 8721 6599 14793 17027 5662 9183 10239 5936
4030 13662 19564 14273 9379 782 6884 11680 11625 5999 12376 17343 7974 16809 10967 4184 3390 670 11394 7732 10910 18531 16921 9465 9651 9570
7888 3628 11943 15190 17140 65 18846 6536 10783 16872 19795 10993 19723 13721 14599 7966 19787 10000 15500 15037 10726 17695 15795 8160 3544 19907
18933 5086 3772 5437 6244 11366 19801 7980 14900 19735 14530 7296 1523 3063 12300 2914 13750 1845 12477 3250 16723 10839 12401 7746 10563 19232
1638 529 7624 4667 9038 4276 18559 15031 4067 613 14712 18432 15750 1373 11517 1189 7592 10074 19109 5645 3363 6727 16290 7508 12533 8327
8737 116 16135 8311 2640 18339 8901 561 18716 17677 9419 1426 19162 2447 15194 11917 2010 18202 12330 1083 18959 17530 3303 7823 8347 11444
19583 6032 13613 12079 5422 7817 11469 19525 11170 2625 10374 9162 848 16646 5465 6071 19294 18649 5705 3353 16948 692 14005 1939 11043 12111
13573 15726 2020 12801 16611 15997 1386 10470 11515 15354 2112 10966 8849 15164 2563 18282 11028 4588 9935 8075 5724 7225 16499 18185 9907 12121
14082 10355 8623 15767 5775 5445 1494 19140 24 4590 3031 14590 11092 6999 14065 17619 3420 13683 4214 511 9503 19422 15287 6444 2864 12425
570 1221 19239 1552 12076 3669 2736 2200 18143 4178 2929 11752 3105 4330 14655 1172 18965 14568 4298 19343 8649 272 566 5447 10975 18241
7132 8846 13074 17368 11287 17082 2828 4878 463 5504 2930 3363 18521 16823 10588 5929 2345 12895 18574 17697 5059 11478 7904 9641 11535 13473
4136 16933 18570 16505 13904 15465 12962 9880 492 3335 6237 16661 10119 3786 4294 4457 7661 6048 11530 9962 9600 6573 18683 11315 4391 415
13954 14907 9422 17693 17332 17378 7296 7961 4606 18496 8181 6110 9208 14874 2027 2631 15094 4742 17446 8068 16926 10396 3120 18969 3874 11765
10949 319 16336 4227 5998 304 6083 16699 10075 10642 12304 14498 863 19298 7395 4338 6045 7152 18073 17930 5552 13370 17181 4086 4438 10248
12278 14911 15914 6368 698 781 17243 3453 12087 13807 12601 6993 5269 5446 11454 16702 16299 16733 4613 10359 9825 9232 14685 19707 16711 12016
5885 4681 15180 1014 13245 11657 9051 2370 5536 6065 13991 7297 10576 535 9622 7393 10443 14764 14878 16131 6795 10250 18126 4409 9396 7354
13998 10408 8548 12432 71 1337 16520 10906 7372 10985 14854 13625 10409 14652 4417 2235 19129 10816 15243 16506 1152 1989 16836 3169 18255 1972
19186 16912 15811 15950 6182 14397 4499 6100 18209 14688 11274 16759 10995 9359 10329 5556 5236 2931 157 4234 5515 19795 1767 11082 15810 14904
19506 6348 5415 2538 16391 1230 11010 13235 8711 15336 2300 16512 17745 10620 10536 19138 27 9610 14543 15302 15286 13903 17043 7097 3709 2156
15319 7232 15761 5086 5476 9724 2291 156 682 2346 1101 11147 6300 701 12646 15900 2812 17753 7812 11973 18558 10016 14889 3902 4900 14301
8693 2158 18249 8768 719 17969 7397 4927 16551 7456 3490 19980 19404 17298 12093 15966 19666 1676 18592 11763 6301 11038 17829 4535 2260 17909
8160 10565 5560 16408 15277 6836 2059 7865 16268 11108 13256 8920 698 19732 3449 13216 4705 11289 17926 3492 5910 17078 17695 7129 16317 3422
13490 3968 1455 7236 12998 15165 4103 462 749 12160 18487 18333 5194 6674 17519 4525 91 17885 3429 6279 4800 11185 7354 13028 5626 1595
15496 10338 11027 13156 17806 6207 18650 3130 15051 5481 19786 11341 16962 18838 8957 1737 11290 6142 9692 19252 12602 446 2834 8567 19263 18024
17175 2967 15926 5420 9346 10600 3079 2558 11347 15246 9522 2363 4929 11850 6490 16185 1272 17669 1239 14798 16867 240 4192 18036 10508 11874
3623 6563 13698 19917 5254 10972 6878 18135 9277 16390 11800 12973 16318 14701 1747 4142 6311 10088 669 4286 9554 1794 13586 8202 4011 8659
11155 14514 13691 13154 9000 3706 2459 4184 18468 19896 15368 5371 13082 1887 19725 16484 12584 3032 2580 10021 10014 14539 5268 9259 17483 7079
18873 14766 2601 13953 66 7823 10328 2633 4385 10027 16144 728 19243 2165 19141 14379 12063 2156 6321 5134 10322 18745 13216 1418 12666 162
2789 17765 7770 11533 15047 3795 7371 14762 12652 15247 15975 3542 19988 14177 4654 15751 3256 6737 2122 9004 17819 7122 1565 12763 126 5402
12305 156 12000 1259 2979 2497 19031 4114 6348 16569 18348 15174 2485 965 13922 14881 11860 7880 9680 11936 6214 17227 98 14549 9580 11874
19597 9295 6822 2477 19890 19476 10129 12928 447 4652 14581 18716 19745 19854 2443 2664 10018 5098 540 9796 19972 3033 14573 5668 3878 16453
15435 530 17111 7160 1100 2516 11692 19262 15687 10755 8502 2225 10795 5166 4244 12253 8065 19666 5015 6600 13133 13927 7265 2981 11689 4712
13202 18220 10256 14352 10693 14322 6739 10697 10682 8702 11707 12918 17689 5618 2522 743 13301 16527 5185 15327 9842 12067 2110 14079 9057 14872
8016 15145 434 5213 5420 369 14224 2897 733 5595 14244 12927 12856 16614 2151 590 10743 84 10219 12121 12616 3333 13428 15776 9107 5059
6168 8796 7400 17264 4258 8151 15599 82 17403 14371 17199 3048 2142 17896 3022 6747 12932 5424 10736 767 16387 10472 10454 19645 2885 2598
3414 2024 10941 7335 841 15374 13023 5328 18189 5116 6723 15247 12138 10532 13643 14256 15706 15394 10783 16019 18910 5908 13804 782 1230 1479
19752 12951 3890 622 4382 200 11007 19157 13567 19139 14665 19827 18980 1446 15619 11589 17246 17144 8880 2684 7389 5115 4658 9163 2258 16030
4288 5426 12381 17592 927 10432 7051 19483 3808 17862 19628 10275 3510 16637 8988 4113 4107 569 1161 18190 7576 18295 19089 17520 18196 9576
7450 12915 10267 8599 9231 8137 12899 5133 14587 17256 5909 10123 10384 17209 2053 17277 4793 6207 12670 17434 5528 12731 19438 2960 19207 8519
18141 6899 12776 3263 9628 1676 5959 10771 7257 19872 9244 17083 9624 19295 17972 6038 2545 5331 1974 11894 6823 6934 3356 18103 18633 1363
9090 4153 2514 15724 408 148 14451 13092 13813 14364 16657 2892 15461 3334 3914 19519 9451 6215 9676 1726 15730 11355 11157 9946 11752 18457
976 243 8232 8580 7703 8801 15760 8518 7632 8923 1358 17626 2997 484 5764 16207 361 18826 14746 9651 16405 19842 1656 14445 7506 7698
3758 1027 12996 15500 11662 17687 363 3288 857 10024 14874 1497 8340 11380 5838 5695 16931 14887 8699 764 5608 13324 13511 9631 16888 6832
19086 13878 8132 1264 13134 5675 11370 10056 10855 18992 17520 7173 1482 19953 2484 17670 7094 15171 3404 11294 7595 18831 1678 16948 1739 19574
15861 14957 18970 1196 8475 4175 16448 5807 10164 5480 19797 14144 7882 11082 17420 8502 12585 14327 11427 18853 7610 1756 4883 18667 12834 8318
19647 572 3856 10246 12930 296 9169 14000 14353 4411 19400 12283 14644 11267 11568 9183 7911 7887 8762 18297 7317 6725 581 6735 16782 12079
445 15102 13225 2995 2413 5293 7193 484 8116 18785 9582 6764 19960 13649 11412 4290 10128 11702 5230 5593 430 10019 10688 16998 16627 16802
13550 15641 4920 9669 15200 3245 806 1903 19076 14036 2580 3720 16800 8568 17225 15838 413 11400 2471 349 23 16163 3179 13214 9196 15039
13296 15593 19493 1072 9726 12023 15720 18890 9897 17961 16748 18652 9162 12396 9104 18112 15293 11877 3427 15116 3476 7604 2892 13946 16162 18270
12694 8194 13422 15147 16830 2053 6019 2263 13145 18220 6199 1290 11541 10884 1589 3410 8657 19299 1119 9639 17988 15570 16247 19307 15071 14967
16257 2362 18780 15168 16143 5514 14628 11885 13876 13224 12382 4625 16701 5583 3453 16910 9764 2336 7931 9322 17666 10770 18497 6224 19081 13531
1407 649 10842 14671 14425 9193 5984 17386 7570 14827 18933 9042 15336 17506 5545 11092 1189 6499 12258 14825 4445 8020 8332 8086 19787 13569
3433 19317 12108 5021 4125 11602 18719 18268 17183 18030 16119 7218 1312 15296 13008 12211 7314 11268 8194 11345 12252 15817 7965 8767 11391 17782
16196 14155 17205 4273 8394 10395 7051 19078 7762 11092 10890 2682 17699 15245 12751 1941 10611 8815 12281 12280 5619 9088 8825 4948 18979 15318
19841 5088 467 19757 7215 4350 13239 18636 18761 10381 6081 16831 8268 11183 10407 1821 345 13006 10859 18266 5411 11740 6526 15048 8768 3334
6344 9973 16704 19745 3651 4728 19689 5180 7451 19705 1779 7208 11913 9236 5188 18805 241 7250 17813 5226 14863 1532 6745 3659 15537 10667
13721 9351 18113 2026 2389 18502 15065 17709 5718 6451 6902 2556 4409 2142 8655 4204 13683 5156 3907 15926 19690 1564 9449 2470 7927 3950
12464 4686 1584 8894 9043 5995 2412 11958 266 10175 14377 13336 16887 1475 4469 18880 3320 12644 1150 6456 16135 8476 7477 18630 8165 15926
2352 16049 7059 17669 6376 7254 14640 15398 18731 14797 2976 14979 14796 19377 10835 14571 6520 12596 19333 18958 11236 11331 16441 6517 3871 14823
1020 14440 3323 5323 11383 4674 6466 16308 19403 1866 891 14923 10618 18515 19136 17915 17287 17600 16269 19107 7065 3156 16855 19869 18675 14854
20 3455 1334 4054 2461 16178 17505 16655 3223 2570 18889 5668 6094 15575 17116 16335 281 4120 16518 8125 4783 5734 12165 7840 604 18416
9713 17590 18353 12799 8326 1937 6317 2610 6306 16425 16107 12503 3315 9116 12040 9009 10726 2880 15171 19747 11971 14696 5310 3237 13358 369
4492 16493 3942 10203 15608 13730 17535 5899 11543 17053 12900 6224 693 7485 2698 18504 15621 2984 8512 12805 14032 2864 3552 549 751 15509
13861 5747 274 13143 2736 3372 12944 18634 17541 2062 3783 1490 14366 544 19672 19215 2911 1915 19950 16431 2373 1938 9695 12335 5053 12460
15810 5176 7927 15644 12822 10297 19000 19798 14013 19368 18630 234 8079 7505 8957 1471 18762 1266 5217 19659 13423 14188 204 19341 3772 4685
4789 16001 11508 11907 16145 6735 18353 19959 12311 16271 16317 6585 165 2120 17364 9764 18486 15952 14189 17177 5135 16098 14273 5792 486 4871
13542 13441 15683 7306 111 14056 7932 10414 1307 6641 19122 17557 14011 15546 9572 18444 18561 15452 1991 13934 4768 12160 5339 7503 5746 4333
16782 8789 8073 4874 1953 14409 18972 12145 8860 3819 2008 7335 9973 2234 10428 14886 6724 10572 2096 13400 831 10710 18174 715 13626 2495
12318 16806 7648 16099 18495 16247 7773 8351 4279 7253 3584 4241 11869 8305 7910 4679 1323 18858 10617 4751 7059 3805 13835 7431 11586 14967
16816 16801 16654 2770 8531 18658 4807 18861 16407 7641 12530 2230 13848 2216 10749 4737 12440 15407 13932 8465 3014 18992 3138 18039 4086 10062
5586 5937 8239 1696 18823 9711 9088 10839 4661 11829 3088 7640 15737 2461 9820 7983 14629 2462 16248 5998 5772 6658 19671 6208 14528 16243
11007 10323 16955 3821 14735 8353 17911 518 16992 15016 4207 6095 4590 8923 991 11653 12390 9381 867 12087 752 2385 10598 8781 11880 16844
19562 6442 9079 14505 5792 993 14585 13076 2044 1739 15026 8979 1853 9506 16074 9595 312 917 17666 19926 5188 11046 16754 3582 3306 11561
14859 16181 1004 2529 145 7718 9599 16097 1838 4904 16512 15808 8792 6431 7690 11810 14957 1830 8538 6981 12102 13683 2354 4468 1962 3446
6949 10724 14632 2227 17461 2462 16259 8557 18251 18723 4598 15330 1543 13099 11460 8766 1538 426 17335 16884 4626 1019 2851 12553 17358 11286
2203 7535 9073 14336 17114 7622 14165 7417 728 15051 19380 11064 6432 8288 1644 6921 4651 12921 1357 7029 17657 19364 2529 14189 7357 19974
15961 8553 4942 6364 19564 17020 5456 3198 5428 5520 19697 10062 7690 1355 2146 17799 18510 250 12677 15034 19487 18421 7091 9253 15156 17605
19016 6961 16782 14796 4445 7319 2444 668 15429 4556 946 18946 5044 19734 13885 18702 9765 2034 16128 890 19599 12518 19424 6936 18338 5228
8728 8097 1625 19878 10272 13839 4729 3197 3750 3434 7896 16099 2778 17801 5160 11135 8059 17059 1284 9047 18653 5089 19834 13995 362 4918
2783 8819 17907 14099 19704 16186 3161 17937 4718 1173 10431 15077 5044 2803 3914 8461 18751 11954 12841 5696 12058 7692 3260 15079 12058 19221
15643 7759 18270 8487 7231 4623 6400 8862 6908 12902 1573 12367 4343 2953 3188 7358 4990 14306 14848 8387 14422 9119 17843 18545 9087 3030
3590 5320 3407 12538 2134 13521 19836 4723 4214 925 13738 13528 447 8874 15622 17777 8846 13483 4580 4946 13212 11406 9842 11786 5572 8069
2568 16747 3602 10533 14182 18153 4743 307 12259 12134 130 6457 17417 10489 17679 4009 1910 18826 1767 3191 12070 12160 4279 16874 160 865
17147 13556 10199 1449 11020 19304 15845 9707 10333 210 1596 13719 12405 353 14561 13432 829 16665 864 2977 562 19850 3813 18418 11568 3468
14329 397 19412 12397 1672 17008 13892 17648 10912 1820 1163 6236 16074 5137 11093 2930 17133 12487 13651 6260 19419 6099 16936 15530 9444 6396
6162 8754 3079 13790 12864 18036 12589 6974 13605 1984 17248 6115 17136 7834 10261 19510 995 18124 10882 18434 7481 12378 1450 1393 14992 8779
5760 7738 10498 2720 13293 13588 15280 13782 1271 13323 8130 19523 2468 3160 10565 1711 285 7719 12549 14071 2583 18304 1688 11601 6465 17150
19180 16987 12706 11094 15278 17787 13751 2557 9699 2733 9620 16915 11145 3272 3958 8639 17681 2478 8502 16440 19641 14874 4347 3456 7574 5632
16212 15129 1235 6890 13513 1912 16747 15857 19057 2371 8303 17631 13720 13938 7596 821 1330 1579 7504 17328 3939 14503 19515 14528 13013 5461
14087 14053 11857 1711 16815 16729 19804 3553 3416 8143 13572 9258 6205 5792 7203 17933 19784 1957 10022 16456 3904 1492 15293 18708 15374 11832
8277 4115 17608 11882 13260 891 6738 6620 8635 9421 1387 6347 4814 18715 482 11199 1777 4346 10180 75 10986 10403 2907 8592 11147 3810
17470 10954 17 12661 7481 442 13920 8244 11438 19754 7069 9726 1857 13309 5195 19895 2680 17111 8693 3952 563 1434 2804 745 13351 14028
9272 13996 6888 19926 2090 11935 3800 5275 6903 4394 1001 5322 7674 4547 3244 16463 9082 2566 12060 12730 12560 3950 14981 16140 4659 5925
2117 716 6528 12850 10370 1129 4548 6479 6230 6323 19652 12087 6422 19418 464 7010 11243 17984 8112 18410 14912 13437 19636 9369 6211 6286
8814 17101 18353 11294 18950 14331 177 15252 12862 12804 13355 1282 14568 1558 11876 14950 9272 12427 13874 12630 18004 3482 5521 10458 8268 2136
4544 5749 6961 9290 7111 8321 1677 13278 7256 18341 16969 13964 11383 18774 18813 3694 3686 17761 4769 19776 9533 15936 190 17306 9777 12778
17938 9565 13493 12489 7367 12614 19776 15779 7255 1695 3915 19216 14690 9838 13610 12985 10193 1118 15130 8625 19471 6368 17048 7156 7712 7839
10083 13749 10908 3472 19092 18295 1367 8857 7350 2079 6886 7812 5673 4336 4889 14643 13454 12638 13851 847 766 11064 18308 9638 15891 7922
17292 14158 2830 9366 4306 6688 12135 2069 3895 3052 16261 17921 6315 19405 12891 18048 10291 1760 7673 169 16855 10651 11047 11680 2072 15516
17455 662 17755 5993 19440 14620 9334 8506 12321 7082 5767 399 19221 5647 5607 17198 9205 3997 7662 5581 12929 10926 19877 2686 1357 18128
15849 3604 8220 18731 12930 8677 18275 15256 10428 1077 9058 9150 3977 7668 13572 10680 16659 6525 8708 16393 12188 2447 8893 12444 9331 1503
14885 7187 2442 12187 218 13230 4874 372 10724 6402 468 2533 6971 5156 11623 9974 16935 1454 12201 7810 15446 9165 16855 18865 1513 2286
10456 8457 8152 17941 3957 7663 2304 19738 19785 5561 8639 8170 5125 10843 2072 9834 8504 13626 10697 15443 12525 2452 7013 14699 3500 16354
18773 15823 12485 10915 6293 4933 1548 1876 13739 9214 6018 3518 18551 38 14791 7846 3409 13452 19428 9703 1225 5171 9919 13405 13064 4121
5061 5478 555 9187 3484 9115 12017 12161 2087 16684 15197 10246 4267 11520 383 10273 3435 14311 16769 13141 53 15283 12680 13592 2539 18009
7704 16589 4775 15816 16794 19303 13650 5500 19191 3781 8366 17670 19778 17830 3976 2278 15563 10942 6190 5685 15660 6991 4030 19458 11308 18042
9685 18030 19067 7278 13015 8632 17003 8935 9371 14726 14244 14006 1793 3227 8144 5534 17443 2004 9008 12418 16422 6610 1845 18074 15743 13295
9759 12441 13895 13135 8749 5910 14521 12645 18035 18558 17489 9524 9860 15237 18572 8045 7558 14814 7114 14163 7538 18829 17227 8931 9666 8294
18656 3103 2265 6478 6109 8595 15028 6188 16074 3350 17899 8465 9793 15971 12183 12200 12606 15174 2591 9745 6537 3535 10853 17536 11926 4130
19485 6449 9795 3387 12699 10691 11533 11350 5113 17429 18520 7758 12308 4646 19176 10070 15042 6501 10166 17053 3637 13864 9411 19132 2930 1244
16822 7500 16409 1967 11438 17605 5879 4818 1772 13879 7806 11147 15208 4444 6260 10289 9568 3445 11335 9768 4822 1511 17765 18178 16508 13719
19293 13861 11668 16100 10662 435 4031 12361 11828 11196 14479 9593 14261 12735 4878 2314 11366 17731 12524 953 4354 12149 10543 1352 16244 9985
10197 1040 962 17104 10322 13536 8951 6893 12243 10507 16409 4243 9227 13870 16571 1244 8961 11104 621 7961 17677 16830 690 10096 4157 11851
10041 8105 11298 17509 4814 5016 15514 18900 6703 23 4297 11796 15497 12305 5769 15665 7765 11458 8510 3833 16361 7112 4441 17726 1270 6564
19978 19939 13823 5741 11970 6472 8815 10734 10508 56 3850 11382 15910 1343 923 16054 17397 17766 17884 326 7389 736 17772 17800 17809 11257
19669 19352 3599 7712 10736 9267 1614 7288 12257 18938 10348 17419 18182 6186 8225 9821 12959 10907 9793 16856 4915 6200 1747 18585 7428 19382
8607 659 8455 1807 18067 1060 9252 15324 15893 7766 2145 5637 11734 1955 3266 3330 13567 5496 5663 19652 591 16181 16875 7797 387 1967
11076 16744 1970 5949 5671 14119 11933 18020 5912 16290 16130 17323 11172 13016 11437 2117 680 10795 3016 5248 12012 8393 13583 19831 6151 6611
10278 16571 6641 14736 352 10461 12597 2333 7424 15938 12614 18559 18921 1630 19370 8429 10785 6337 9990 5510 1463 1427 7980 11950 10192 17709
2048 7476 6233 10503 3776 1573 3184 11376 10032 3600 11744 19552 8638 13967 750 11746 16147 225 5713 8219 507 16547 1704 10316 4010 9724
12196 14098 11160 10255 14968 2343 11111 9027 2562 15547 8919 16444 10875 5036 15010 12195 2795 4731 7794 17846 71 6141 9786 12204 3113 7323
6978 1953 14982 1231 10486 18426 6201 16478 14744 1733 7282 16700 13430 3423 1056 12554 5391 13902 19256 5777 12097 19132 1231 8633 11171 18291
18981 13424 17658 2822 9400 2854 16682 5466 5639 2772 5807 14395 8138 14050 4389 11721 17576 5914 1778 926 4326 7542 19485 220 10341 7786
18063 16671 17363 8512 976 2236 17195 3456 4116 7973 11637 6269 8236 5048 3078 19621 15204 17946 4985 4714 19542 10321 7147 3221 17684 18423
3915 11895 10813 12818 3861 10914 3423 10591 7250 12784 19558 11296 9556 3067 12699 18183 18060 11793 17933 17078 863 11781 13262 12090 9552 17009
907 11708 16640 17517 8385 1563 887 16291 6895 15777 11775 3278 11916 18411 8906 12625 7728 6086 2092 7240 2994 7433 14368 1471 19563 14116
4922 14231 208 8070 15076 13356 11460 19075 18769 4963 10484 17465 9040 8428 4218 2555 11679 19180 5593 5219 18758 12806 9815 11431 4460 4124
9424 4998 4340 18161 1264 1933 12021 19907 572 17584 2104 14008 5874 1695 19826 18297 12701 16813 15554 17984 2289 2168 16134 11682 12501 3590
9421 18625 2677 7852 2985 2953 12840 3836 5115 6647 8374 14182 8193 3186 7578 15594 19698 18189 12877 10124 1506 15944 15750 19815 19387 12670
14475 271 4651 3259 13268 13030 6509 16972 10561 9746 763 4521 11408 4507 1104 18343 4303 15321 3064 16713 13080 9516 14564 11380 3593 11996
3566 2915 6137 6458 4866 14011 9572 14077 10690 19936 5725 4071 6686 2045 12108 7852 11562 18520 6189 19331 4551 8727 16023 11705 14821 9993
8387 18155 8529 19252 9810 3222 7788 16586 2525 4755 6246 6081 1319 8157 18063 4551 6573 17919 2497 5821 4725 1996 2719 18272 6310 14403
388 13231 10506 2001 3585 3241 11928 11488 18490 8702 10295 9560 2540 11837 1303 10047 19311 12876 8048 9073 14117 315 601 2212 9117 6281
11811 2925 2093 800 3306 13645 9501 15681 14470 6132 1699 11654 10099 19366 10387 19205 11112 15721 11927 5071 17756 18503 5761 11542 886 705
15625 921 15336 1837 13629 4252 15581 6964 3124 683 9908 14964 16634 4849 5439 16044 12437 4980 10745 18027 398 6663 13438 19336 19681 18124
4381 13237 6768 1458 1058 4866 4826 14485 10679 12854 3799 17569 904 637 15233 6353 8747 4703 12896 19068 15116 10367 11906 7532 17074 11234
10395 6703 14533 16611 12841 5722 14974 4374 15005 6445 8995 15930 10926 15101 17705 7120 8895 18705 10734 13534 18582 947 9218 17745 14396 12357
1331 14648 10883 17028 10282 2916 3421 10810 1958 16023 5471 19117 4176 7413 9780 11348 5834 12048 3438 8947 12626 6039 5177 17580 9182 1122
17984 17347 16757 17981 14709 15170 9720 8524 6843 19149 13399 4813 3965 16131 6165 18950 7068 16360 7078 7253 11 17722 7308 6078 11893 3458
13749 13901 16127 19473 3843 2991 19766 17448 7663 15751 14109 1990 14717 7854 12890 19370 16760 1969 16843 18934 18244 13022 9339 8355 19461 11651
6191 18307 15549 6584 915 13089 17454 5508 16617 12850 2095 5406 12897 310 2991 9540 7079 18758 1210 5955 13526 5244 3512 17710 2822 859
14216 17288 9379 7068 14983 7390 2737 9840 8126 11787 8075 8789 19925 7509 7672 3881 3384 8057 2597 3482 15394 3653 15038 2006 19602 8789
5955 8087 16922 1770 199 14274 12794 16330 7861 18741 2641 830 5391 16000 13417 6685 1203 18909 15936 3119 16125 10118 16805 8944 7692 4300
6562 3923 12954 5538 11646 8433 8041 17478 17909 16362 7547 13762 19232 4071 4963 9594 16180 12518 19429 12361 2358 7768 766 13383 3037 19015
5981 4527 2842 16563 18785 9738 1582 12150 8303 307 15246 18655 1501 6685 15202 15879 2128 18787 14982 18554 9887 12610 13855 3495 13148 5833
15482 17709 2617 18333 9411 2614 18474 17623 19853 13328 18626 12270 10677 1839 909 13946 14167 1959 10757 9043 16928 9178 9322 17393 10203 12354
10301 2724 11849 7545 14768 19020 4949 14794 6909 14012 195 13252 2580 6504 17347 16992 9419 1462 18125 17485 11172 14492 11989 5628 2423 8105
14042 14779 1046 14657 10614 11905 8286 17895 4624 8605 9973 384 7948 12073 12152 5331 11654 4829 4856 18651 12396 17120 13622 15488 9637 896
8134 12713 18744 9423 2286 18282 2951 5271 11031 1709 4532 7656 5893 390 10856 14161 10382 5846 15862 11437 12719 1462 17570 9245 11269 13603
3109 18666 6912 16111 10402 6303 19425 2459 6349 18519 14666 10292 677 9757 4981 9656 14040 8911 9590 16664 5004 15803 5123 9672 11110 8607
16113 17592 18177 57 5748 6584 4264 12041 8517 16600 11089 4779 7474 15009 9324 12514 11936 19200 9332 8662 2323 18554 16002 3009 10335 5148
9344 1124 5297 19898 17235 6936 1979 12973 19759 8602 8334 5364 3763 2715 14827 1535 6940 10 10710 18293 18402 5652 13581 13187 2657 14238
11376 5038 9068 10428 17202 9116 2045 4763 18797 5644 487 16325 14670 18015 1361 13743 2888 10707 12252 15702 19681 7872 15357 3066 18304 12563
16765 11256 19791 1874 2304 12536 18855 12737 1016 11094 6176 3875 16322 19947 7836 6109 12315 2698 2710 10715 10311 3278 5379 14116 16312 12472
1606 8065 3010 13121 9766 15617 19271 5213 4881 18080 4605 1902 5272 18316 5229 8869 9149 16915 441 2112 11866 7979 1889 628 10851 14259
6538 1689 17886 11680 7292 4375 9810 3111 9728 5782 15775 19830 2338 10817 15776 14170 15976 17449 6171 6191 9500 1712 1315 3216 19195 92
221 5164 882 10120 9243 2749 3897 4541 236 19082 9614 18944 13027 12946 9426 979 9441 5029 12276 15587 1136 605 4137 2977 1538 15870
18732 8479 15719 19686 18681 12578 18927 14422 15045 3539 8893 4073 5903 17945 13919 3765 8263 8940 17453 6901 8974 18721 14639 15405 19718 18138
12380 977 14334 2519 1581 701 17298 11960 13101 6874 10611 17662 8334 13421 19180 14501 9091 17071 17218 16354 739 4530 7450 19871 8653 2033
15149 4900 3446 3321 14809 5306 13150 3134 7259 9504 14490 18015 14346 18643 16355 19032 3015 17513 3540 3656 5894 15132 5519 18633 14285 8610
9513 8022 10064 19104 809 3588 5240 8820 2993 14182 752 17552 16915 13421 8516 8942 15945 14319 13626 19816 725 2390 13348 7251 19307 7208
7539 4507 10814 13572 11923 4164 11348 90 4517 15904 16906 3497 11100 14265 10563 17248 13411 3410 6019 3850 16856 10996 16244 12199 11315 19486
13365 11682 16183 17968 18617 16355 18244 4248 17956 9546 11597 8249 1350 13538 8378 19721 3438 15077 4794 5980 15892 4211 18283 16621 16713 5400
2086 14167 1457 5910 16198 12442 6141 12007 5796 6740 18736 5194 12278 11025 17548 6774 5109 8136 9306 2124 18066 14289 31 13557 9092 11700
19783 12198 19106 16319 15269 1875 8869 9110 13291 9678 7401 16028 16942 17310 4047 7966 18059 2281 1458 3036 4856 10583 14132 11761 7210 5903
3692 11651 13319 12556 250 15024 7609 8380 18499 12784 2252 10001 16663 3641 15086 10278 692 10817 9173 14098 4654 6099 8112 12627 9225 14667
10465 8367 16682 5600 8144 3862 3453 7789 7188 8047 16938 11996 17288 11721 17566 10743 10148 16137 6746 19114 14110 10734 7357 17461 16817 1902
8354 17217 7667 3128 14988 1876 9377 18164 1910 14696 16924 8701 17662 12768 3914 13050 7943 9240 2196 11072 18846 19949 1312 11822 6778 15430
5494 3523 14839 4701 17260 2980 10075 12786 324 16991 11127 11941 1623 16176 8806 3626 10018 2157 3550 12533 15042 686 10711 2646 8515 15161
12460 17069 1201 4311 10808 1508 7319 12498 8408 14606 17086 14658 19102 13513 15907 10126 6904 5766 2767 13565 8452 4738 5907 2579 1698 4931
10417 14030 9319 1916 4534 15599 10766 2908 5901 14402 5376 16599 726 15930 9506 5396 7471 4619 3784 17331 7249 12082 7895 6967 5557 2742
13552 1926 17913 442 16127 12207 9194 15185 10357 11276 4098 19178 17213 5485 9024 6368 17426 5599 11293 6667 16513 5844 18462 18775 3569 19614
6454 17313 8393 19624 1207 4450 12527 15017 17595 13247 8772 9664 7651 19828 15265 4655 15675 4138 2236 16353 19044 619 8648 6459 7218 10060
5049 19496 10019 2138 13728 2109 18256 4195 16522 10829 1766 18197 13579 6765 13407 3802 10688 17988 17834 2206 6832 4655 12369 2702 5937 6352
6747 17212 15442 4021 9693 16588 10561 17704 19308 19702 18024 4186 5347 11917 16689 8210 17466 5387 64 15146 4207 15074 1846 14456 15977 11826
10157 2801 11690 7142 9126 12074 4760 11086 11826 16085 5761 5614 7748 4946 14465 8969 3183 17230 3680 3848 11540 14397 8961 5111 7084 17986
4922 2578 18927 12271 8947 11492 9907 18466 8363 273 10644 14959 820 6116 3690 6466 19136 11261 5348 9564 17012 14467 11984 14427 11493 13569
14276 10754 9128 8844 19343 16535 9487 19836 6544 5024 136 19998 1060 5070 19209 13130 12868 2475 3504 8605 2090 11316 12131 9126 13354 9162
19746 9447 12831 7177 3418 11875 13651 4378 5749 12944 8585 7939 14778 10858 16919 263 5935 2091 1641 6388 3622 6568 4305 1870 19597 16993
12331 19637 6527 11177 16324 4 8253 15099 14146 3465 14402 2644 6562 5122 16660 1494 850 5308 2790 1983 3456 9251 11050 11950 4784 6079
338 234 10355 19604 17614 8441 17788 2139 18473 2266 6942 14104 8694 2600 7947 4485 16827 1998 19429 8050 5327 6067 12352 5094 11400 13026
12923 1051 2030 8571 18249 2974 19145 1130 13575 3325 17997 9317 4954 15003 13457 4692 12256 15928 186 9497 18002 11811 5788 7076 15655 459
13718 2637 11701 5365 2307 3797 594 1594 7955 17589 2474 15873 17476 6536 18947 1677 2367 16510 13294 43 10825 8448 8119 17302 7194 24
19289 13113 9646 19588 16949 9937 1550 13092 9604 7089 11130 16459 16214 19667 16849 1077 9398 13738 11539 4687 14757 2435 3923 1931 15701 2706
3802 135 8531 13306 19869 19272 11010 11601 11088 8757 8189 17817 9026 7368 3675 18914 15634 17102 17367 14775 6012 15303 19996 4772 6735 5766
7805 2907 5413 9659 18584 11547 2609 3192 8261 17769 4704 16833 16322 5791 16841 16388 146 11010 15789 16121 4391 8326 14714 3920 17959 4831
4581 2037 11657 12123 4570 153 3544 11567 14346 9202 13003 9607 11080 2190 4996 15071 14235 17994 10407 17037 15268 5587 12209 5785 1151 5675
15452 12150 8766 8719 12506 11896 16568 5364 15205 5143 18259 15656 6295 2214 14160 6207 9638 2989 512 14208 9527 7472 11389 1510 10513 6731
4325 1494 8601 18915 16739 12647 19241 9769 8694 13133 12431 4964 18789 9334 16875 1544 1561 11607 7992 7746 19283 4619 14836 6367 11680 1962
9965 11113 13560 19234 5613 9402 18089 4892 12835 17098 10201 17087 17877 10985 18670 11854 6547 13105 18595 7501 15347 19254 6437 2386 1091 18488
6716 13138 17887 6266 12624 14885 11709 5371 9205 7928 401 14722 9883 14679 4780 3994 16181 9612 10407 19677 7559 10636 4472 2480 1645 11299
4939 550 13581 3110 5938 4208 9518 9767 10089 3702 15710 13674 18340 1368 7793 5729 49 10866 3947 15935 19439 11008 8836 12836 12144 12357
8484 5258 11369 10206 17346 17010 16984 3642 3897 5664 637 1820 4686 6469 10298 10125 789 552 3539 2965 19126 6474 16703 2512 17461 10204
1315 10348 6638 10396 3263 16250 17722 2352 10617 12296 7554 19711 7144 7820 4268 16857 19438 9117 4389 1215 5830 3860 2313 12284 17518 11382
5488 6295 19264 9750 18981 10868 8972 12190 16426 6999 3746 9668 6221 6912 583 12784 5212 14774 527 15624 8071 4213 13923 17924 9878 4321
4164 10974 17848 18308 5876 14254 4846 2047 10132 12519 5112 12634 4821 6587 17929 4635 10661 3812 2978 19898 1122 1281 6966 19070 15083 18342
14203 7681 8182 15700 8413 10498 6752 4167 14038 2545 9755 3548 5282 14525 1620 2198 15360 14412 5803 4293 3939 18860 1771 14221 2937 17928
2524 2940 13863 15260 13058 16012 7586 18898 3177 7543 16287 14356 9768 5117 7118 1413 16228 15026 13001 12512 14547 2806 18322 14455 17630 15007
12379 8728 16865 15213 3575 14155 6883 3775 17516 18365 18845 14212 17991 4891 19132 14240 8326 19606 7259 19259 5122 3200 15107 18425 16822 3681
102 11697 2379 10425 13486 13186 12714 15025 1885 5821 1328 18416 19236 8607 2410 6387 7379 16139 10226 16350 13547 4501 16782 8752 4273 5251
4802 3552 12008 8652 14995 5240 9801 9421 4246 4235 10002 17582 16502 18514 10354 12242 8472 14406 18866 11237 15539 4990 8266 14095 9177 350
732 8422 6272 10608 19518 7394 9651 5839 8268 14988 18995 17620 7471 12 13609 3205 7262 14005 11051 13553 2423 5549 11079 5639 3060 18436
11918 19422 15267 7008 17253 7306 4045 15806 9264 2478 5666 10315 14912 6346 14808 11176 18734 7620 11863 17659 13035 13542 14249 3302 13956 19742
4390 8275 10822 7575 10833 13737 4778 11671 2677 7001 3965 721 14800 4086 17173 9224 2553 18007 10448 12841 18394 6503 4640 515 16670 6245
11820 1990 17330 8449 13456 14763 1146 7540 12703 3718 7367 11221 17752 2429 5810 15851 9455 18948 4040 1777 12095 9454 9090 5409 4598 14811
16084 11242 1898 4439 9793 19416 8448 10561 13447 2081 1533 15892 5511 2985 12285 15331 13591 1446 14347 9869 12976 13831 16938 3642 7020 6421
14550 100 7402 1175 3708 8250 14793 2850 2138 12588 13142 15719 17883 16389 4473 12358 6097 16793 8204 5487 5224 17966 7550 8208 11228 16868
8347 15423 2768 14270 18446 13700 15189 13352 8122 9357 2883 9045 8605 17875 9937 12868 796 951 10947 14866 12350 10101 15600 18589 10694 8281
5681 16130 9343 18737 19581 1787 16541 3888 15624 10406 18488 9042 15927 4592 11597 16773 6566 7272 10103 11869 14940 19417 11807 18119 16986 5614
3525 1193 17795 17272 8625 14578 6968 9731 17038 15434 17063 9692 7946 17435 9484 10150 12640 12363 9230 19685 14060 14569 19410 3387 17701 8103
2884 4543 7972 4143 11254 19189 17369 11117 15271 15922 288 5115 8334 11941 7199 15547 12610 11216 5689 4513 7816 18557 14769 9636 19642 14721
13205 5003 6065 11102 19007 14346 17518 7538 6660 11760 2347 6584 3105 12618 13767 17051 11261 19576 7170 9564 14779 12435 2595 5553 4926 2154
11208 13615 15580 9873 15358 13747 13135 15755 11964 19654 5862 19697 18081 16827 16080 2354 6038 1595 5261 1163 10716 3102 3298 4170 2255 16849
1765 16924 13187 11212 12092 15358 7594 2280 10580 14536 13172 3542 5719 11741 19275 13905 14404 7606 7050 8223 7684 16607 18756 12575 655 13636
14084 10178 17130 11400 10278 13756 14681 12653 18638 3566 17238 13489 7391 16939 14569 7925 14994 16825 9366 14869 18769 634 12834 9179 16726 1786
5434 16403 999 9005 18183 15678 5214 4902 15896 6346 15678 4364 11947 17589 2394 9081 18784 10990 7726 10205 11097 12932 8312 14727 6090 4752
8281 18773 14326 8525 13716 7810 11035 1477 14678 11871 17909 11100 934 14212 14135 14436 16725 4027 9371 14668 5942 13427 4883 17694 11175 14637
3620 4235 2111 8277 8069 6785 8981 16968 8220 11455 4967 9193 14451 8766 12667 17791 17712 11368 9839 18787 2853 9243 10982 12513 17425 5433
588 15310 16741 14952 12834 12129 15969 11513 81 260 185 12073 13094 3742 1979 5519 831 19234 14355 11777 3568 13415 13548 15843 5420 2968
16445 19537 14788 14694 4994 4984 3652 12098 7940 8253 10369 1732 11336 13906 2975 15431 7842 16050 16744 3451 4428 18662 15975 9162 2347 8135
6028 12321 10980 5083 12062 1839 11116 15112 16519 12048 19872 14707 16373 16663 5134 9020 13359 1693 7623 12460 10709 9704 18412 8234 536 5519
3533 14208 5049 9182 8630 11744 2236 5105 5156 16544 7946 15812 8342 11659 2074 7531 5865 2993 2739 3102 19722 6567 18491 16474 9818 1142
7643 5141 17839 12117 15227 3967 10691 7716 9969 14326 15131 5371 10061 8544 559 12001 1288 15593 8638 2510 11105 19865 16407 14267 19199 14293
2085 5576 6620 9653 1378 11022 15512 502 8554 4895 15649 11795 18276 3744 9412 19979 7697 6404 10123 10136 7462 276 14191 5615 4590 6169
10014 10302 6247 439 3504 2844 9404 3871 18314 7092 18339 14805 3132 13685 10143 19152 14220 4779 1475 3345 2712 11081 580 16958 8569 18279
7575 6509 7835 18309 9721 17737 7510 994 14343 4484 18572 10764 15260 15268 2720 11409 8931 19740 10898 1003 10080 1465 14845 2186 5532 18920
15344 5608 15307 3100 6923 4795 5158 9523 14270 18237 2220 15815 13268 5756 6893 10635 9682 3080 8514 3688 4630 9600 9292 239 10615 9375
16843 16358 3436 5881 4966 2223 8061 10967 1791 4820 16744 5229 14144 13272 4428 4456 9339 15588 11748 19064 5470 14629 1111 14148 8228 2588
14599 6344 15204 19618 18032 3545 10706 12655 7954 9613 18709 7219 12957 11783 6493 19271 5408 16665 989 3550 3125 8433 16072 16989 19171 3953
1088 18691 14713 5193 9601 9493 5711 10232 1668 2746 3685 16459 16766 8723 17025 11698 1425 5077 11334 7184 10341 9183 4800 19184 16391 6120
13349 2812 9339 10394 2335 17949 13600 6063 9833 12511 14391 3961 3590 17185 3563 15007 16552 19386 18148 16085 6163 9411 19887 5769 2149 11987
19316 19260 17495 2958 9325 2615 7106 204 17313 8510 7236 18574 7017 17772 821 19922 3066 19699 8942 17413 12173 11333 18178 3033 14669 19776
10799 17430 5951 15385 19832 2710 16974 2790 888 7666 2646 538 6098 2967 4750 817 11622 7358 17984 7550 19664 7955 16700 19995 992 18464
15287 18338 4315 19039 9704 8015 3709 8043 3511 19997 2850 11914 2628 8834 6393 12161 2352 4225 4294 13046 989 2689 11847 14975 6075 906
3215 8171 1613 4829 1739 8351 4883 19291 18344 3986 18276 1769 17769 15701 5687 12635 1457 12352 4911 17790 1702 17591 75 14138 4467 11906
3582 7761 18525 9405 14801 11248 7835 6187 4337 7232 277 15705 7917 780 13439 11454 10266 19799 4770 8869 11057 403 16181 12000 16878 3239
18696 11908 2516 19549 3318 9597 3397 313 12013 7153 3569 8654 7619 1271 608 10954 5469 2047 15187 3665 10970 17377 15788 23 151 17644
17592 5654 4473 7703 4855 18197 12183 9471 13385 13222 5140 19633 5872 453 9684 138 12007 13318 2332 7856 9066 2080 14384 18387 17356 3814
1994 18922 17080 17669 16514 8482 2801 17938 1274 17246 9409 8186 2690 12126 3611 2228 27 18745 7130 16461 12055 6701 16078 2376 10181 2338
19766 15486 5178 2906 8366 156 7118 19064 2182 12061 17223 5757 882 17416 13157 13162 9853 15268 11314 13469 14425 7363 1778 6270 6686 13314
152 17181 19495 10727 17259 15810 16014 11598 11309 12623 16563 18363 15383 9138 12039 5317 1580 18305 9799 5888 7246 16560 8265 9234 18523 2765
2808 164 6434 15468 7820 10511 18349 12068 5955 9301 4563 11980 2347 14823 4664 10796 15674 1208 12665 319 9783 8241 17586 18918 7145 19408
3340 1281 16257 5132 16306 12426 9190 6728 18973 3962 7591 4546 6625 14579 10936 19738 4352 2776 5400 8521 15193 14335 17959 7941 3393 10759
16732 7107 8419 1279 4138 19928 11342 19318 16825 12360 205 6652 10483 3896 18171 4133 4215 6702 6837 2246 11549 18796 11454 14399 140 18992
14613 1166 13547 19311 1528 5790 482 16572 5722 12950 11434 4644 10981 10812 325 223 8714 14682 11135 2241 15360 10859 12376 7930 16110 4620
2445 6316 13946 1648 11240 14782 9544 5344 15821 4641 11192 9281 17169 10889 9248 12636 9966 2993 18703 4765 19136 14939 9522 9669 19928 7156
18517 13120 12809 13906 8887 6124 14423 16443 11775 13089 4252 12573 11710 17890 625 16290 3379 17289 7111 1965 16897 7993 1688 2592 17697 3385
10333 3025 19218 11191 2418 3696 10942 205 7670 6770 6420 14001 7145 19496 3988 18231 9331 17500 4548 11978 10961 9616 10875 9253 19130 2809
14551 1689 364 9888 3886 15171 16457 3044 16972 19598 16019 10014 3353 3574 19531 15714 7422 7469 8073 17523 9653 15103 13530 19716 12071 15137
75 11585 148 10455 16827 19957 12355 3459 14063 13665 6849 8912 10051 12760 6127 18854 18848 4782 14596 18062 9126 4917 8741 1392 946 3699
14474 7164 5971 4984 6504 19231 13683 7146 17478 9212 11324 18860 2463 2144 13864 14707 2124 9036 6031 8267 12444 13180 9516 3833 76 15902
10208 14040 5880 6595 6181 150 13551 14053 2085 13589 866 15790 13654 14286 3632 7073 7159 19837 5463 3547 7489 7072 4818 11112 3180 16440
1799 4733 13439 4990 5663 6261 13549 8197 5853 11436 17948 10565 16833 12196 6206 6064 19629 2685 15699 13507 8639 3742 154 19779 11078 3330
7181 7898 10603 7335 4672 12894 7389 2494 1185 6124 16440 13212 4657 10529 12736 5936 17491 9716 3610 5151 9246 5009 6805 7979 3433 7806
6645 10069 6763 11999 13243 13049 1021 8760 1405 15049 4161 3073 16166 3203 3906 11079 17708 9676 4847 11967 13267 2166 344 3997 1968 19181
4045 13376 2255 603 19958 6084 14867 19649 8273 11130 4599 14254 18646 5965 19157 5683 10589 6190 10708 10400 5680 19408 6689 18225 6751 7419
672 2524 14248 5839 11692 5401 4444 211 6841 16023 17905 4174 10578 11843 640 7889 6204 9933 7919 400 11500 17641 584 4075 17959 14116
14940 2409 12750 5762 7860 2529 15738 5153 14072 2874 18322 8572 12597 3388 13502 19494 5139 6108 17493 9175 14952 9099 9462 13761 5682 950
10830 7880 11540 1951 4148 6261 2614 9583 4984 3181 19441 17906 7313 8298 9097 16835 11700 15403 2456 6011 17737 14266 12536 17060 3309 4188
6970 3245 16177 16025 5618 8683 7814 4647 11374 10288 5560 3460 4783 5428 1775 2365 1111 14621 14064 14952 1328 783 3149 7188 4329 554
8050 3054 13275 537 12591 8348 12669 4842 16163 8426 11348 19998 11615 16249 5585 17248 1487 5519 2256 12957 8393 6340 12464 429 877 1390
19388 1791 3696 10394 3432 15857 8176 4960 7129 9857 4125 16142 1977 16827 7773 6050 19975 7203 16483 6637 17836 659 12857 8765 9998 18227
13817 16523 10498 6113 5476 10366 18846 15553 4517 1586 13376 18250 16233 2002 8384 16076 18310 19204 1427 5064 4027 5777 14072 19766 16198 1609
12189 14020 18171 18746 17691 1210 10536 4341 2118 2431 14370 15016 11421 6233 4540 12241 13109 4355 9222 16752 15270 12059 6143 5815 14480 18099
4431 10048 405 230 7658 18318 12307 10961 3192 16181 2218 18885 3488 12439 12096 1558 19334 13611 9574 18588 3637 10113 6881 3016 15061 3859
16437 9272 6804 18839 5432 6870 12331 6868 8123 9844 16130 5590 12823 11192 18740 12699 16335 4246 14279 18325 6376 9530 7675 3716 9718 4435
7758 14784 2961 5038 18181 2895 4277 14768 5019 18449 10657 7194 2519 14979 229 19875 4039 1200 17755 4958 17841 15583 8454 1359 14892 8105
17750 6227 6083 1606 19856 4473 4999 10614 2719 12829 8628 7470 12928 17626 10064 13839 9897 16874 14305 15597 19462 835 6351 2170 11811 18837
1298 10114 12582 75 3245 9590 10497 15732 10426 7389 10769 18991 19838 5798 10790 11459 18266 1903 11412 7936 2244 2086 1383 8361 1086 3504
17550 19922 10073 15684 2734 9858 1870 19655 17667 10940 3240 2561 18389 12199 14546 14176 10946 17168 4959 6389 2736 5651 2696 13273 19618 9602
15205 1206 14467 2643 13970 9379 16535 11623 15641 15266 15472 15836 4610 6658 14203 17527 2376 12286 19915 5097 17107 11076 11937 2312 18961 5127
8839 6562 1929 8925 12779 15600 18171 5487 1075 6137 18233 15349 13219 10313 1222 392 19721 4444 12333 7438 18951 3807 2253 13412 11462 16653
7764 3874 9188 3653 5594 19186 10056 15031 5247 15540 6999 18922 18848 7391 3667 5447 7007 8426 16484 10686 15885 8151 494 3500 9208 11804
18352 1700 4309 2932 10987 6674 491 10107 1416 9188 12150 6174 337 3407 16215 9611 13699 7855 18704 12004 12196 2822 3720 12620 17623 7548
17368 1847 8745 665 8104 2295 12968 11324 18719 726 957 14505 10267 17351 9913 14772 938 11263 5069 7356 12121 7298 10576 13348 15975 5303
8681 12940 16812 14006 3330 7676 14440 3271 11573 8925 17515 15891 19796 12406 13902 9498 15237 17485 9102 19685 14974 9415 17563 3402 6323 1057
12913 12386 280 15277 9197 16313 16162 6754 2156 16766 17305 18807 8580 12112 14805 7074 14073 17963 19116 8776 7017 5962 19348 9656 7185 1409
14160 8802 8790 17151 6037 11750 12192 12965 14303 2422 1580 524 13959 2551 12203 19172 4198 16386 10771 6571 2219 13857 15278 10788 6889 14113
18655 17355 11151 11479 4686 15029 19747 8979 16610 1361 12380 10183 1909 9941 6888 15122 3451 18226 16451 5465 16108 7650 13099 18810 2791 10074
14301 7958 7177 18303 4244 17379 19952 18623 19342 7681 15066 5651 5153 12587 13609 18182 965 9526 14622 16347 18396 11891 16180 3040 14783 16609
19568 7589 17837 19739 6283 16621 1802 10305 18541 7233 14434 18702 12210 14224 2308 12676 1343 2268 2877 13614 12200 12566 10298 2981 13623 15256
16444 3704 9046 18618 10675 11127 6656 13681 13402 13473 10834 16341 13737 14552 15499 8156 2978 1354 10118 5642 7590 3858 14 12103 9847 17168
13340 1151 1501 4649 6810 17577 14355 11088 10936 3289 14580 11469 14701 19721 7833 11397 15957 2364 13978 8492 4634 6564 12419 18686 10872 1314
1846 17509 17365 9262 9728 2369 10377 15622 3956 1916 13922 10818 17714 16943 10428 2332 8453 5024 19298 19704 16853 14521 16800 13858 7125 6680
3157 820 19072 3430 533 9647 18160 10655 16413 9013 15098 320 16048 13050 14878 4443 9967 18844 8290 8452 9627 18240 14802 10278 11657 4887
18386 13401 13688 9894 2242 17161 10852 12093 15776 4044 4543 18761 17635 3095 2933 8281 9775 8147 15161 15278 6762 919 7117 13540 12895 6536
8024 7051 3651 9157 19285 6897 1847 1661 8788 6155 9667 6565 14210 1265 8989 17534 11556 11605 2600 9324 12635 16882 10306 14117 12252 17085
17778 5999 1324 13113 17417 8966 1978 10320 3407 19800 10777 19828 2763 4458 11627 12756 17267 988 590 9678 6596 18385 16597 682 4601 2572
16900 3091 14467 14090 897 6749 4912 7668 19185 6748 9103 13904 6634 524 9694 18384 710 15061 2979 777 12907 9823 17507 12610 4433 18939
9032 19613 19929 744 8515 5150 18046 3802 8907 6422 18917 5698 7402 17645 17436 3358 1094 12986 18690 3128 6723 14178 17713 18550 12282 11725
13654 17720 6538 5941 2173 7783 15712 1551 9690 10646 13790 13704 2256 12393 19974 12700 4170 4913 14775 357 4645 12858 15391 11346 2863 18521
3301 1850 566 5867 6258 15617 2000 10959 8261 6531 13038 466 19958 19186 11785 9498 16160 18212 19280 15764 10562 15415 14891 5433 15088 2452
3513 17734 8206 9392 278 212 18215 15337 18287 67 1559 11576 13582 5172 7910 17523 8854 16295 6318 18071 10230 8061 9934 4162 8475 3248
13244 4680 11479 300 18421 10176 9795 18163 12224 2756 16703 6197 13424 72 12154 19999 14854 17325 10843 19947 11195 2637 6102 15085 3092 8102
1757 3812 4708 9610 6694 18233 19722 2202 15621 10599 6804 17265 4407 17635 12200 18146 1434 12332 14384 11866 18712 13466 17176 4788 11741 15041
14947 5807 17912 11243 16837 18887 3274 10243 13767 14451 16249 12096 4545 1773 15683 10787 17012 6019 1246 10311 3536 13074 16508 8595 16270 14376
9429 8799 12752 4683 3859 3250 12220 3114 13425 17378 5877 569 9197 15441 1268 10431 3641 5656 9105 9036 10523 8836 3398 5651 14260 12198
126 7190 18248 8872 10684 19908 10358 9281 12468 15413 19743 7096 13554 4877 17379 14496 629 12588 10054 4795 16793 9576 12905 15099 17721 1405
7500 16247 8563 11475 11584 95 19074 4279 4667 7929 4164 3928 10946 15953 12007 9845 19867 7777 217 17997 15915 6280 11205 8207 12655 12542
18095 9892 9827 3636 7856 10501 8602 13163 5880 9020 12137 8515 9495 15164 11831 9704 13361 5338 10888 8952 10037 16841 6343 5604 5870 11745
17144 12705 16772 2200 1976 19687 19319 11237 3138 8091 1001 19134 9681 19232 17823 1429 13342 16837 15068 18518 9388 16714 3977 1870 16906 12618
19658 2932 6353 9950 4197 16950 3641 9099 8134 13194 5050 16423 1720 1879 8932 2564 451 12008 6046 1813 14512 18150 16787 11880 2848 6552
1027 17499 5544 18392 5192 353 7310 19420 19886 13153 14479 2700 9430 13423 5559 19443 14658 19048 11249 7591 10601 18925 8161 10684 16669 10113
3682 16114 19170 7010 9762 9965 11980 1714 1875 12770 11684 1991 19143 10309 11230 1902 16211 18736 1972 370 14650 10745 8897 17807 16881 16802
19168 14869 15774 16809 13728 17752 14869 19844 17082 15594 4224 12966 4019 3447 12796 1994 19115 4831 12998 16628 17762 6080 17795 8600 18683 13565
12855 6239 15398 6911 10295 11828 6524 18412 16980 19178 15026 17428 7260 15892 2996 15044 6471 8798 145 13348 3976 5265 8249 1326 4601 9181
9162 16284 18995 19502 6517 19622 2032 15389 15126 13397 14782 11270 19395 14617 17964 1703 1731 9666 898 8327 12072 3036 10110 131 356 12168
13748 14751 10334 615 19983 5000 3636 8917 8253 1475 19362 1093 2887 4131 13310 3876 1602 18052 11743 7316 7199 12141 101 8662 19494 2190
14779 18011 11253 7858 10708 8501 14465 7143 3133 15703 15587 14427 7200 12615 14516 14140 3996 5248 17141 7903 2576 10422 12324 14326 5644 9206
17137 17592 13904 13363 9816 9023 6627 5278 16971 16002 18627 11602 19449 6894 3767 14149 4687 4944 11353 11162 2087 19459 2656 17669 10038 906
18019 9553 4340 11515 17214 2351 11516 1199 11199 1709 10699 15098 9903 17148 4988 2406 16251 12709 12874 17203 3221 7456 9114 3036 17006 15767
10572 1369 13578 920 9275 16261 17117 18957 19515 10844 9220 11761 13883 9899 17665 13278 766 5520 2434 6765 10198 3054 9066 12153 19850 13684
8358 3497 12903 11051 4015 10793 19458 13070 2036 1043 6072 1641 3048 6378 6726 18136 4250 11575 5512 15237 358 7810 16412 6060 6573 17123
