20
643916511
755612592
450124296
106836894
981433323
621677156
673189156
134937183
809401182
501949870
800469810
569303351
220099757
699889892
562127799
595527494
790836155
412324814
756243094
466845860
250543463
731216107
479084770
326809226
388439071
626427118
816492718
438147390
370448902
345185672
653344136
287135895
848487391
384365239
415429143
583786666
386872526
642859484
998155691
195317177
785732759
220636362
850458544
714952788
770122527
290033486
294026052
538094031
297912559
654062805
749220094
752707733
251879638
420558609
874399758
736512833
749620004
943619778
977131236
327726554
977095725
112719115
329150889
712974052
321251150
341895845
474933737
871167743
807976432
427490773
212106562
368016122
202829255
692868814
794346606
206173863
982748719
826504174
550249342
371305344
162213913
488746208
169170223
946475269
551933582
419667416
404296492
394837802
232534456
721810866
819049345
283667292
150488865
827656286
723029692
768019417
644644127
441528631
333590885
597954040
515456542
582858969
767049669
914075451
276973559
554616497
925645696
558499512
625643399
833866240
651555979
535150894
607369147
586335972
674301810
988999460
822383593
663226971
772302901
549498363
429333891
754967847
400499938
761685046
468576062
575942723
534058270
848310238
138545368
998240943
331170254
248692012
716959327
767054079
696692782
132037002
804607487
530428840
811402789
603576733
687980732
830675272
390453122
506443820
417699716
201894960
818402066
667733185
702636705
429962611
929023059
767192609
940119526
779057835
515839851
996562509
176305177
307756056
266652377
278396978
998670796
262064737
162708200
278469515
255860788
881012240
403934386
455382598
625432975
909903321
456888246
576108126
474258066
528651134
445738415
994795671
991652828
348247252
250388481
153770402
104287303
352067451
254354604
856237386
182332595
494023302
620569531
967411470
216352351
560311786
221083981
788762362
927545490
742503699
119660724
484525308
283889131
407825416
100307655
912864240
240591402
827668990
953487051
269934038
734438153
591616568
311494727
713981761
512812793
784653070
359563340
120525956
714403871
996894882
716659271
177093806
380222735
814273415
964575835
357075278
421178274
265434698
723452574
293632039
308054114
573965976
801759553
984499177
457575580
849316711
947377547
701724932
735921037
696885614
559793166
713255344
680419472
404201412
490538035
778697152
288490510
271499332
916571359
994056008
147643850
270916702
358886540
190783385
984394490
397690984
383577954
355671938
616412588
791895899
545109615
819175885
169569447
972212548
849571338
751322678
608533300
909881310
450091012
823810139
360292608
146258447
165907023
812996851
138834703
400312455
402318420
976703260
305891056
541005826
360060457
885019102
797196645
895946881
161650426
795194802
771431944
503155054
998776462
658277818
785566406
372515475
261536092
432099913
396659051
531821213
347759987
454750511
237564456
177593053
552080354
634569854
909023000
910568629
590936131
218311325
990177312
401368906
555274200
966365085
655859426
933947014
179045648
752277844
534554729
507630925
433259385
799281289
973601489
626579111
474705486
206751993
746072968
966030785
200673212
218628826
430370063
214666203
449052123
159532518
782595397
952576621
982919691
554951303
962367074
724719198
263698809
753224146
244256254
714303496
433639173
549579071
274204376
352389457
340976053
148141216
808112899
826200892
676699344
285148646
888632696
665464913
185288004
325701215
686656411
103730360
630706210
663879178
212092107
579413424
568905653
430226304
310439954
572645355
807334546
596182268
729087619
271296743
936631052
568418584
401978822
139329195
648702997
370091583
650600408
678444870
615505046
195247509
190595633
349496018
683569857
808033877
819577333
161971947
938094273
802585502
316028670
570853453
137301292
481623173
919998335
702031316
800881482
992650484
882390880
786204700
526364577
547445039
945103416
231648675
282896510
362161704
653461600
337471574
804524691
787208018
