81 36 60 3
27 66 69 34
18 12 42 42
0 0 84 0
4 9 29 3
0 94 47 94
52 75 67 64
0 54 54 0
29 87 58 58
66 39 83 100
0 0 65 0
27 79 62 50
0 0 0 85
12 90 24 60
81 79 30 3
72 0 0 72
0 56 0 56
17 34 51 85
0 88 88 44
39 39 78 39
0 0 87 0
60 27 17 32
84 56 98 42
26 48 72 88
18 92 11 65
78 33 33 57
86 86 0 0
90 90 0 90
37 37 74 0
27 45 82 11
55 0 55 0
92 69 46 69
26 26 78 0
44 22 0 88
0 59 59 0
78 48 17 98
50 0 50 65
0 0 0 81
42 63 7 82
72 0 0 0
2 17 13 63
93 31 56 32
49 62 19 86
49 16 57 41
98 28 50 48
71 28 50 9
0 74 37 37
61 60 20 91
0 30 90 30
48 90 78 90
52 88 81 15
76 68 0 80
24 11 23 17
15 89 19 73
25 55 95 65
0 84 0 0
52 65 65 13
12 33 9 18
91 91 91 91
61 52 73 89
0 56 56 0
100 100 0 80
51 39 48 96
30 85 93 50
0 100 60 0
56 0 56 0
87 0 87 0
39 82 6 79
81 96 78 12
0 60 0 60
88 27 65 53
90 18 72 18
33 88 22 44
0 78 78 0
0 0 0 58
54 28 54 78
29 3 93 68
56 0 56 56
60 60 0 60
22 87 33 64
0 0 0 68
42 2 11 52
95 38 38 95
0 15 80 20
6 64 32 35
72 90 0 36
60 96 96 30
32 64 0 0
92 0 92 46
27 27 0 81
90 72 9 90
34 68 34 34
16 66 54 62
60 36 72 44
88 1 49 83
0 0 0 0
