40
2 42 28 39 20 9 43 23 8 4 7 18 36 1 8 38 13 15 45 27 21 20 41 3 47 14 25 42 8 23 33 9 16 18 32 46 9 44 34 18
4
5 3 2 8
39
15 15 37 14 20 26 12 18 17 37 36 41 44 15 20 31 21 46 45 6 47 42 12 29 36 19 2 31 49 12 34 12 10 31 11 14 21 25 32
38
28 19 22 38 44 39 48 28 20 5 24 46 49 38 7 24 43 6 15 33 41 30 17 44 28 43 50 46 18 6 20 44 44 47 22 48 13 17
23
3 13 10 16 15 42 42 7 19 37 29 7 12 37 21 35 6 19 25 44 16 1 25
10
25 15 39 7 11 25 1 37 13 8
21
36 27 23 27 1 22 7 30 16 30 43 35 15 44 41 14 49 13 43 45 15
9
4 3 3 1 3 3 3 3 4
5
5 4 1 3 2
3
25 50 2
37
42 15 15 5 18 35 38 25 24 35 28 14 15 7 18 28 9 13 16 11 19 22 48 50 45 38 33 50 14 22 40 48 33 16 2 42 44
41
46 16 48 12 3 10 11 20 29 31 39 20 27 26 8 13 9 15 50 43 35 11 30 24 44 36 5 5 18 3 12 7 28 24 24 15 27 17 5 26 6
35
27 36 40 24 27 8 34 27 27 35 12 44 50 25 33 2 49 17 31 48 41 31 20 41 7 37 32 40 34 21 45 40 4 37 16
23
38 10 24 42 14 33 12 30 16 33 50 8 9 9 28 27 42 27 44 45 14 42 30
19
21 44 11 44 26 41 4 42 11 30 6 26 20 32 49 23 6 45 1
13
4 48 24 50 43 7 19 6 8 23 41 8 35
43
33 3 37 13 36 12 37 27 8 14 12 3 7 46 27 41 16 15 50 18 13 45 37 13 30 26 20 30 42 33 49 43 17 4 15 50 28 47 32 40 24 43 17
9
4 14 9 17 33 23 1 21 9
10
46 29 22 19 2 12 46 20 33 22
5
10 21 21 3 38
22
15 6 17 6 35 21 15 17 16 50 39 20 36 36 5 25 6 5 44 25 41 42
42
4 28 8 38 12 22 7 6 17 50 47 21 21 49 49 32 8 40 42 21 1 10 32 13 15 8 48 5 47 39 50 2 39 15 14 5 48 36 17 9 11 22
18
30 45 16 4 20 40 17 36 30 50 7 21 40 8 10 7 45 9
19
33 50 17 42 1 27 41 45 30 6 18 21 31 11 25 6 29 48 29
12
10 21 42 28 14 22 27 18 28 13 40 23
30
40 35 6 13 20 9 26 2 16 31 32 47 24 45 4 6 5 32 23 20 42 13 28 35 3 42 9 3 20 26
49
14 28 42 45 47 7 37 12 23 26 31 35 15 17 21 13 41 39 10 46 1 30 5 38 29 8 11 2 24 6 18 19 44 3 16 33 20 27 34 9 40 25 32 22 48 36 49 43 4
45
49 12 24 12 12 12 43 49 12 43 6 12 12 12 12 12 12 24 12 12 12 12 12 24 24 12 36 43 12 12 12 49 12 12 12 12 12 12 6 12 12 12 36 12 12
50
49 2 2 2 2 2 10 2 2 34 2 2 49 2 2 2 2 2 2 2 2 2 32 2 2 2 2 2 2 2 2 2 2 32 2 2 2 2 2 2 2 2 2 2 2 2 2 2 2 2
25
33 2 26 13 33 1 41 31 8 14 12 18 16 43 50 8 21 6 26 12 32 48 36 1 17
47
49 49 45 45 48 45 47 48 46 47 49 49 48 45 49 48 48 50 45 47 48 46 47 46 47 46 45 48 47 46 48 49 50 49 48 45 50 47 50 49 49 49 45 45 47 45 50
30
4 4 4 4 4 4 49 4 2 4 4 4 47 4 4 32 4 4 4 32 2 4 4 4 4 4 4 32 4 4
7
3 47 38 19 43 40 30
14
3 50 25 1 21 8 3 17 28 7 39 35 30 40
18
2 8 32 4 2 16 16 16 1 2 8 32 1 4 32 8 1 4
3
2 48 29
43
50 49 45 49 48 48 47 46 47 46 50 45 45 46 47 49 50 50 48 50 49 50 45 48 46 49 50 50 47 48 45 45 46 48 47 49 48 49 45 47 49 48 46
18
38 35 11 6 7 33 10 30 19 43 14 44 34 22 8 35 37 33
43
5 45 42 42 23 23 28 50 26 25 26 47 28 21 33 20 39 25 7 1 45 45 29 16 18 34 14 48 6 41 9 20 16 41 13 20 12 12 31 46 31 10 31
5
5 36 28 41 50
25
5 44 45 8 28 34 15 2 39 45 31 40 6 38 29 3 50 16 2 45 8 20 13 40 4
48
1 1 1 1 1 1 1 1 1 1 1 2 1 1 1 1 1 2 1 1 1 50 1 50 1 1 1 1 1 1 2 1 1 1 1 1 1 1 1 1 2 1 1 1 1 1 1 1
49
1 1 1 1 1 1 1 1 1 1 1 1 1 1 49 1 2 49 1 1 1 1 1 1 1 1 1 1 1 1 1 1 1 1 1 1 1 1 1 1 1 1 1 1 1 2 1 1 1
12
50 6 27 41 38 44 32 9 9 32 32 20
0
